0 8 140 141 178 209 323 340 428 434 447 542 663 731 823 874 883 895 1049
1 178 433 742 872 895 956
2 1 11 14 20 35 81 92 151 178 209 227 262 285 317 320 323 344 367 390 433 439 453 472 642 644 655 731 895 974 1009
3 11 92 99 102 166 172 178 203 209 227 231 248 258 262 304 316 323 419 433 434 472 475 510 611 612 642 644 879 883 995 997 1162
4 25 69 92 140 141 151 177 178 190 203 209 255 275 283 316 409 434 453 472 478 642 712 731 883 885 894 1038 1072
5 11 53 75 92 102 166 178 201 203 209 262 283 285 316 387 434 453 520 548 611 644 720 767 786 837 879 883 885 895 974 999 1034 1092 1099 1199
6 39 75 92 141 151 166 188 203 258 275 313 316 340 346 409 453 458 459 520 618 774 883 895 975 977 999 1068 1176
7 41 53 75 151 178 201 203 209 262 285 344 345 348 358 387 390 409 453 548 644 653 669 670 701 731 828 883 895 911 949 974 985 1068 1088 1113
8 38 69 75 92 102 109 140 141 166 178 190 197 201 203 209 227 250 285 340 409 433 434 453 458 472 487 520 534 548 642 644 676 703 730 731 855 856 883 886 894 935 980 999 1005 1068 1108 1118 1136 1176
9 11 46 178 209 225 246 283 284 317 344 375 393 422 434 446 515 522 524 576 642 643 679 696 697 701 731 752 756 828 837 894 895 935 979 999 1001 1070 1099
10 151 209 434 642 731 883 894 1049
11 11 41 42 66 141 151 201 209 285 344 404 409 422 434 463 478 515 534 665 696 701 712 726 755 756 816 828 862 883 895 907 935 996 999 1029 1088 1171 1199
12 1 22 41 178 189 209 234 250 323 409 471 472 642 890 891 894 974 999 1020 1027 1049 1060
13 11 22 177 209 246 403 409 434 642 790 835 883 895 916 999 1038 1062
14 11 23 25 28 92 102 113 130 136 145 151 155 166 178 197 201 209 238 245 256 257 261 262 263 275 287 299 313 342 344 362 363 380 433 434 457 459 472 479 510 514 515 534 545 583 600 605 609 611 641 642 644 649 653 658 670 673 685 687 689 692 693 698 706 712 731 738 739 740 741 743 775 776 777 782 786 805 813 836 845 863 871 883 885 895 919 940 941 957 980 999 1033 1052 1080 1088 1113 1117 1121 1152 1176 1201
15 75 178 209 227 262 323 344 387 433 434 453 458 472 534 548 611 642 782 813 879 883 1044
16 209 225 409 422 434 515 576 701 731 789 853 883 894 895 996 1015 1049 1099
17 11 151 178 209 225 226 250 283 297 317 323 344 422 433 515 576 597 608 618 630 660 671 679 696 701 716 731 735 756 799 828 883 894 895 897 996 999 1029 1062 1070 1088 1099 1149 1201
18 14 58 140 190 209 225 237 252 283 317 409 439 472 642 653 665 828 883 894 943 977 1005 1122 1126 1149
19 1 2 6 19 26 35 37 39 67 69 82 92 102 140 141 157 164 166 178 190 197 201 203 208 237 250 257 258 262 270 271 275 283 285 316 330 344 351 408 409 412 419 433 434 458 472 473 513 515 534 548 608 611 630 642 649 653 670 676 678 703 712 720 731 787 851 879 883 885 894 895 935 953 968 974 980 999 1005 1011 1033 1088 1113 1187 1199
20 11 28 92 178 209 262 285 316 320 342 344 355 409 434 473 548 628 642 644 649 653 712 720 883 885 895 987 999 1068
21 13 48 75 92 102 151 154 157 163 178 193 209 250 262 275 285 304 321 324 409 419 472 520 611 612 644 737 879 883 895 927 985 997 999 1023
22 28 39 102 127 201 203 209 227 275 316 342 362 409 433 472 534 642 731 895 946 999 1113 1150
23 1 11 22 41 47 69 170 177 209 403 434 472 630 644 671 718 731 883 889 894 935 1049 1061 1062 1084 1099 1149 1154
24 28 102 256 275 342 409 628 653 731 875 895 980 999 1006
25 19 32 39 46 82 92 107 140 151 178 200 201 202 203 208 209 223 262 275 294 313 340 344 390 409 410 433 434 437 453 468 548 627 642 644 653 670 712 720 729 731 785 894 902 943 987 999 1035 1049 1072 1081 1140 1172 1197
26 22 58 69 151 178 203 209 225 233 250 260 262 298 343 409 422 434 463 478 515 527 597 603 642 671 679 696 712 716 758 759 894 980 992 996 999 1001 1007 1049 1057 1147 1158 1204
27 0 1 22 31 43 64 68 78 81 95 100 106 140 143 151 160 164 174 190 203 209 225 233 237 250 253 254 260 269 283 312 314 317 319 323 338 367 369 370 378 387 390 400 404 409 417 422 434 445 453 462 465 467 472 478 493 509 515 521 525 526 555 558 569 580 608 618 636 637 639 643 660 666 679 680 696 701 708 714 716 722 742 754 755 756 768 778 797 798 799 804 822 831 857 858 860 872 883 895 911 929 937 970 980 986 988 989 992 996 999 1001 1005 1006 1007 1014 1017 1019 1029 1031 1051 1059 1071 1076 1077 1078 1082 1096 1104 1119 1125 1130 1147 1149 1156 1157 1158 1178 1199 1200
28 0 11 40 49 75 92 151 157 166 197 203 209 225 227 250 262 266 275 285 304 322 385 409 433 453 515 534 618 642 653 697 712 828 862 883 895 977 980 999 1023 1034 1068 1171 1199
29 44 68 158 160 225 240 260 317 343 576 597 642 679 825 828 883
30 78 209 409 597 630 716 804 828 837 894 996
31 81 83 140 141 151 160 203 225 260 275 283 393 404 409 515 519 522 597 630 759 883 894 996 999 1130
32 18 57 69 92 102 140 151 155 157 163 166 178 190 197 201 203 209 220 261 262 266 275 283 323 409 433 434 437 459 472 483 534 573 608 642 646 649 676 682 692 731 773 805 856 886 894 895 911 912 914 974 976 999 1005 1033 1045 1069 1152
33 1 35 37 39 45 50 92 102 151 166 169 178 201 203 209 223 227 241 262 283 285 317 318 323 330 344 388 409 426 469 472 488 509 561 644 681 712 720 731 837 879 883 895 945 966 980 987 999 1017 1068 1090 1130 1142 1167 1169 1172 1182 1201
34 29 41 49 67 75 92 166 171 178 201 202 203 209 212 232 237 261 262 263 285 287 304 323 344 409 453 459 478 534 548 598 642 644 767 883 894 895 901 919 960 980 999 1199
35 203 209 227 262 285 300 317 445 472 642 731 883 1068 1099 1130
36 53 82 92 102 178 179 201 203 209 227 262 285 317 344 345 409 453 504 534 611 622 644 670 712 731 782 837 879 883 895 999 1068 1094 1099 1113
37 37 39 47 151 166 178 179 197 203 209 227 237 285 316 323 330 393 409 433 445 453 472 548 561 595 712 720 731 767 856 883 894 912 935 946 949 999 1015 1049 1088 1099 1113 1131 1142 1176
38 19 34 35 39 151 166 203 209 220 227 262 275 285 307 318 344 453 457 458 472 504 515 595 642 644 703 712 720 731 767 782 786 883 895 935 972 974 980 999 1068 1094 1199
39 0 34 75 102 181 206 209 212 258 262 275 316 320 324 344 348 390 409 439 442 472 506 642 644 653 697 720 786 813 980 999 1178 1199
40 1 28 37 39 92 151 178 209 227 262 285 320 342 409 433 453 458 472 517 548 611 642 644 653 712 786 879 883 895 974 987 999 1068 1113
41 0 1 19 35 69 92 102 141 151 166 178 201 203 209 227 262 275 285 316 317 342 344 345 362 391 394 409 433 434 437 453 454 472 473 478 513 548 642 653 666 670 712 720 731 774 778 782 785 786 799 835 853 883 894 895 912 987 999 1015 1049 1051 1078 1081 1090 1113 1162 1172
42 72 76 92 135 153 178 201 203 205 209 227 251 262 266 275 285 293 306 316 323 396 398 434 453 472 480 493 530 547 551 571 611 662 679 689 690 798 799 849 851 879 883 895 926 934 939 948 965 974 984 991 1000 1025 1068 1094 1103 1115 1122 1124 1132 1136 1139 1151 1176 1184
43 19 175 227 323 472 644 879 895 1068
44 689
45 262 285 644 851
46 11 39 151 203 209 227 262 323 644 851 883 895 912 935
47 262 266 318 879
48 11 39 102 151 162 178 203 209 227 262 323 611 644 671 697 712 731 786 879 895 1122 1131 1199
49 162 178 188 209 227 253 611 895 1131
50 102 151 209 316 320 409 453 472 731 895 906 980 999 1023 1030
51 0 1 11 16 41 69 140 141 147 151 178 191 203 209 212 233 237 256 316 335 344 350 381 382 390 409 434 542 559 565 592 630 642 663 666 695 714 731 745 756 807 837 883 894 911 935 949 974 980 999 1005 1006 1011 1020 1049 1067 1111 1129 1148 1201
52 28 87 92 151 166 201 203 209 227 265 276 285 329 387 390 433 472 520 534 548 563 609 625 642 644 689 712 727 731 839 855 895 968 1021 1098 1162 1174 1176
53 0 1 35 46 82 102 109 151 188 201 203 209 227 262 275 276 285 316 323 336 365 408 409 429 433 453 459 472 478 534 548 609 644 653 691 720 788 835 855 879 883 889 894 895 935 974 980 998 1068 1150
54 39 92 102 151 166 193 197 208 258 262 285 324 390 409 472 533 895 980 1068
55 0 1 9 19 28 37 40 49 84 92 151 166 178 197 201 203 207 209 227 257 262 275 282 294 310 318 344 409 424 433 434 453 464 472 492 548 611 670 720 747 767 779 786 851 883 895 921 974 999 1023 1049 1068 1092 1094 1099 1106 1113 1172 1176
56 0 8 11 37 39 41 69 128 129 149 151 157 201 203 233 246 283 304 313 320 383 387 390 409 415 433 434 436 453 472 478 499 534 548 618 635 644 653 712 714 738 807 828 835 895 906 911 974 980 999 1006 1036 1049 1062 1068 1099 1122 1134 1150 1171 1199 1203
57 11 19 37 92 131 151 178 203 209 227 262 275 283 285 304 313 316 317 344 390 409 410 424 434 453 504 515 534 548 644 720 786 883 885 895 935 980 987 999 1068 1099 1142
58 151 203 209 262 304 342 472 642 712 731 895 999
59 11 409 434 712 731 883 895 999 1088
60 3 151 203 209 731 883 999
61 37 46 178 190 209 344 367 368 374 408 409 413 462 515 697 837 883 891 895 935 999 1009 1030 1078 1088 1199
62 1 81 141 151 178 209 250 252 283 344 416 422 445 496 588 712 756 786 837 883 895 946 999 1072 1088 1142
63 92 409 644 712 999
64 731 883
65 697 731 895
66 344 712 731 883
67 344 548 712 883 895 999 1005
68 1 11 19 34 37 41 44 69 88 95 145 151 178 203 209 225 228 246 323 344 387 393 433 439 453 467 483 501 506 508 515 521 548 622 641 665 701 720 749 756 828 837 862 883 884 935 966 974 980 999 1002 1016 1049 1080 1088 1091 1130 1149 1173 1199
69 92 178 203 227 257 320 472 611 883 921 995
70 22 58 434 478 493 515 642 665 759 816 828 894 935 996 999 1027 1062 1107 1153
71 1 92 102 151 166 201 203 209 227 275 642 644 731 786 871 895 935 1199
72 0 1 9 11 22 39 43 58 140 151 178 203 209 283 335 341 393 404 409 410 434 446 465 472 478 506 630 642 666 679 696 716 759 828 829 883 890 894 989 996 999 1015 1049 1051 1072 1130 1149 1199
73 58 283 515 756 828 894 996 999
74 11 102 151 178 203 316 323 409 472 895 999 1053 1114 1199
75 1 11 38 41 92 102 178 197 203 209 275 285 316 434 453 458 472 611 642 644 703 712 731 786 883 894 895 999 1068 1176
76 323 434 472 644 731 894 895 1049
77 151 209 313 548
78 102 209 453
79 1 39 92 209 275 344 409 434 453 534 642 644 712 731 837 999
80 39 151 203 227 275 342 409 434 472 642 644 712 731 883 980 999
81 0 38 42 49 102 166 197 209 250 283 348 422 614 856 882 883 921 1068
82 151 283 344 434 472 630 642 653 883 894 895 1088
83 4 11 20 151 178 203 225 237 317 453 472 515 630 641 642 731 847 883 894 913 935 974
84 75 166 178 209 262 308 344 642 883
85 422 515 642 653 665 756 828 883 894 999 1166
86 53 75 92 102 151 203 209 262 285 323 433 472 644 895
87 178 731 894 895 999
88 1 39 92 102 151 203 209 227 434 453 642 644 712 883 999
89 1 39 151 203 209 275 409 453 472 548 731 774 883 895 935 999 1005
90 69 178 188 209 344 362 409 434 472 642 644 701 883 894 895 935 999
91 0 39 102 209 246 262 344 390 434 642 644 731 883 885 895 946 974 999 1033
92 0 28 39 41 69 102 151 178 192 203 262 285 316 328 341 342 344 433 434 453 472 478 534 548 628 679 712 731 820 835 861 883 895 974 999 1038 1068 1088 1099 1130
93 11 38 69 102 131 197 209 262 275 283 409 434 472 534 642 653 731 850 883 886 895 919 957 999 1005 1045 1174
94 41 69 103 132 141 151 156 157 159 178 323 324 344 409 434 437 439 451 461 472 562 622 642 652 653 676 883 895 974 980 999 1005
95 38 49 109 151 166 209 275 472 473 585 875 883 928 968 980 987 999
96 92 209 308 361 409
97 22 58 69 164 225 250 275 344 404 409 422 434 478 493 515 523 597 653 663 671 679 680 696 716 756 793 828 853 883 977 999 1014 1029 1049 1073 1088 1149
98 32 35 48 64 69 85 140 156 157 178 209 250 275 323 328 335 340 348 354 390 409 422 434 442 447 448 470 488 533 548 567 592 613 622 631 642 653 695 894 937 946 979 999 1005 1012 1027 1036 1072 1087 1088 1107 1130 1199
99 149 151 178 203 227 262 275 409 434 534 548 731 883 999 1169
100 69 197 209 409 883 895 999 1005
101 16 140 156 190 203 209 262 335 344 409 433 434 448 472 515 630 653 731 761 883 894 935 999
102 48 121 140 156 164 194 209 264 274 283 317 408 409 439 448 642 676 712 756 761 766 883 894 895 935 950 980 999 1005 1034 1089 1099 1118 1130 1155 1199
103 1 11 39 102 151 178 209 233 285 316 341 434 472 478 510 515 576 581 642 644 679 712 716 720 731 733 735 786 834 883 895 935 983 992 999 1038 1059 1070 1083
104 151 178 188 203 252 323 644 879 894 895
105 151 409 999
106 1 11 41 69 178 244 284 434 446 642 644 756 894 895 974 987 1104 1122
107 46 264 344 409 434 642 731 883 894 999
108 24 39 53 75 81 137 145 148 209 313 317 342 345 346 362 410 434 443 457 488 548 595 628 642 670 712 731 769 785 827 883 894 895 902 974 975 976 999 1033 1049 1052 1080 1104 1142 1172
109 151 188 209 618 712 731 895 1099
110 1 20 35 69 157 209 408 409 434 448 676 883 895 961 999 1008 1049 1088
111 102 209 263 642 731 883 895
112 22 209 262 283 409 478 642 701 894 1062 1107
113 35 46 49 92 151 308 344 472 515 642 644 863 883 894 895 999
114 22 58 69 151 190 283 344 404 434 467 478 519 522 576 642 671 679 680 696 701 756 816 828 883 895 935 996 999 1027 1086 1107
115 69 209 409 439 999
116 1 39 85 151 178 202 209 344 390 434 453 461 515 642 697 712 731 872 890 894 895 935 949 980 998 1099 1199
117 11 41 92 178 203 209 228 237 262 275 308 323 344 372 387 434 457 515 642 655 731 883 894 895 999 1039 1049
118 102 202 209 227 308 642 644 883 999 1068 1078
119 35 264 409 883 999 1015
120 209 642 883 894 895
121 92 102 151 166 262 513
122 209 409 478 894 999
123 69 126 156 157 676 882 883 894 946 957 999
124 69 390
125 0 69 164 209 233 283 409 434 448 533 712 883 894 999 1130
126 11 209 250 344 409 422 653 665 671 731 756 828 895
127 0 22 69 262 283 342 344 409 434 515 653 731 894 999 1038 1049 1072 1088
128 1 39 92 140 151 166 178 203 209 227 283 323 344 388 390 409 445 469 548 595 642 644 712 720 731 895 942 946 999 1068
129 209 237 283 409 439 453 515 731 883 935 999 1005 1099 1150
130 151 409 434 644 712 731 871 883 999
131 1 209 261 275 283 344 373 387 409 433 439 472 478 670 731 844 848 894 895 928 935 998 1045 1099
132 35 178 409 642 731 883 894 895 998 1049
133 0 1 11 16 34 39 40 41 64 69 105 112 139 141 151 162 165 178 188 193 203 255 262 276 285 312 317 320 323 342 348 383 390 409 433 453 457 478 514 515 548 600 623 642 651 712 714 724 731 815 883 927 935 937 949 962 974 980 999 1023 1024 1038 1041 1062 1068 1083 1088 1119 1153 1199 1203
134 39 102 151 209 275 405 409 642 883 895
135 102 141 203 209 275 409 439 515 642 653 883 894 999
136 19 38 46 102 141 156 197 207 390 409 424 589 703 731 855 863 875 883 974 980 999
137 69 178 209 380 409 642 731 894 980 999
138 203 220 275 316 409 472 520 548 642 644 883 895
139 160 209 260 434 576 597 696 716 799 828 883 894 932 980
140 0 1 178 203 344 409 433 712 883 946 999
141 37 46 151 156 178 264 283 344 409 469 533 676 731 837 883 894 895 980 999 1088 1099
142 69 102 250 264 344 409 422 429 434 642 712 713 894 946 999 1088
143 69 140 151 434 439 515 623 642 653 894 895 935 946 999 1005
144 151 209 409 472 548 595 642 712 731 883 889 894
145 0 1 32 37 39 47 69 81 91 151 169 178 228 242 323 409 434 445 453 511 548 595 627 641 642 712 719 731 742 837 883 889 894 895 974 999 1001 1008 1043 1049 1088 1172 1199 1201
146 20 64 69 157 166 178 203 209 264 275 409 433 434 478 539 642 653 670 712 894 895 955 999 1062
147 11 69 190 283 344 409 434 472 515 629 642 883 894 895 974 980 999 1009 1099
148 38 53 75 82 92 102 201 203 209 233 258 294 323 355 363 409 433 434 453 472 483 548 593 608 644 653 670 720 736 741 856 863 883 895 896 953 976 980 999
149 20 35 75 92 140 141 203 275 283 285 344 408 409 434 515 540 592 602 642 644 653 712 714 731 828 894 895 980 999 1009
150 207 227 409 453 644 999 1068
151 75 203 209 262 285 472 644 883 895 1068
152 280 290 323 431 455 480 551 879 883 952 984 1094
153 28 37 92 102 151 203 209 227 247 344 390 409 416 434 445 453 469 472 548 628 644 712 727 835 889 894 895 979 980 999 1001 1068 1142
154 1 69 92 151 181 209 227 250 256 275 283 285 369 462 531 594 630 644 653 700 731 846 883 894 936 981 999 1038 1161 1199
155 1 11 18 37 53 69 102 178 209 227 237 250 269 344 348 390 429 642 720 742 786 872 883 885 999 1010 1017 1018
156 92 151 203 209 227 275 316 323 433 472 644 731 895 935 1000 1088
157 1 35 39 47 203 209 262 344 390 433 453 582 590 935 946 980 999 1049 1199
158 285 348 644 883 895
159 1 11 89 92 178 201 209 344 409 472 642 644 670 731 883 895 928 935 999 1088 1201
160 283 472 630 642 653 712 883 894 895 999 1088
161 39 151 178 209 227 344 433 453 472 644 712 720 731 894 946
162 58 151 209 618 642 828 883 894
163 53 227 266 611 851
164 0 11 16 48 53 64 69 85 102 140 141 151 157 164 178 190 193 211 246 262 283 335 341 344 361 409 434 439 448 453 454 461 478 481 482 509 515 533 539 623 676 731 761 778 882 894 895 902 956 980 998 999 1001 1005 1072 1078 1088 1107 1130 1170
165 209 290 618 689 984 1094 1122 1123 1133
166 8 41 69 102 129 140 141 147 151 178 188 212 233 255 323 472 540 548 557 566 592 623 642 666 700 731 894 895 935 974 985 999 1005 1006 1023 1072 1085 1148 1171
167 11 64 67 209 275 433 534 623 642 653 894 895 899 1178
168 21 28 49 75 151 178 203 209 250 262 275 304 316 320 344 345 348 390 414 422 433 434 453 483 514 642 644 712 737 883 895 999 1068 1088 1184
169 1 156 178 203 275 283 409 433 434 472 533 644 712 883 894 980 999 1015 1099
170 53 151 209 262 472 883
171 156 190 209 401 409 472 642 882 883 935 999 1011 1138
172 22 152 894
173 1 11 151 178 409 422 434 472 731 883 895 980 999
174 19 31 39 41 92 151 162 166 178 227 266 281 284 285 316 317 320 323 344 409 414 433 434 446 453 472 515 534 548 590 630 641 642 644 669 671 712 720 767 828 851 865 883 894 923 950 974 980 998 999 1009 1024 1099 1122 1149 1199 1201
175 11 151 201 203 209 256 262 275 285 316 320 344 390 433 434 472 642 644 877 883 894 895 935 1015 1034 1068 1072 1129
176 102 151 188 203 209 285 323 611 644 837 883 895 935 1094
177 1 38 41 46 69 82 87 92 151 162 178 197 203 237 271 332 344 409 433 434 453 472 642 644 697 712 731 786 826 883 894 895 946 954 957 974 987 1049
178 95 151 174 209 228 264 273 283 314 344 432 439 441 467 515 522 597 642 665 696 716 756 816 828 872 996 1047 1051 1104
179 39 203 434 472 883 895
180 28 102 151 178 275 312 313 316 342 883 889 895
181 209 250 409 515 642 653 828 883 894 895 999
182 69 102 151 178 190 203 209 275 409 434 534 642 731 856 894 999
183 69 201 203 209 227 237 262 276 285 316 433 611 895 999 1113
184 1 11 37 39 151 188 191 203 209 227 252 317 323 344 393 453 618 642 644 653 663 665 782 828 883 889 895 974 977 999 1049 1099 1118 1149 1199
185 11 178 203 209 323 344 472 883
186 1 20 46 64 67 69 140 157 178 190 209 264 335 344 390 409 445 448 472 500 515 623 642 653 697 731 837 875 882 883 894 946 1099 1179 1201
187 209 316 409 439 883 894 980 999
188 92 203 209 227 313 317 409 433 434 548 642 644 679 712 731 774 883 894 895 935 999 1068 1088 1113
189 151 155 895 912 999
190 44 209 344 408 409 477 642 653 883 895 999 1009 1088
191 1 178 201 262 344 642 883 894 1088 1130
192 38 92 102 166 178 197 203 209 275 390 434 442 614 653 731 837 883 895 921 968 999 1005 1049
193 41 140 178 203 209 262 275 342 409 434 515 653 712 883 894 902 946 974 999 1049
194 1 41 69 92 102 203 209 237 275 344 409 434 644 872 883 894 895 999
195 69 102 140 178 209 237 344 409 548 712 731 786 823 894 895 974 1153
196 178 209 413 433 472 653 741 828 883 894 895 988
197 92 178 203 209 275 344 409 433 644 883 895
198 1 35 119 157 209 264 409 882 946 980 999
199 22 69 177 209 409 883 894 999
200 69 323 409 434 731 894 895 999
201 69 140 209 221 344 448 731 883 894 895 999 1049
202 22 35 69 178 209 255 270 403 434 478 623 712 731 883 894 935 999 1038 1061 1093
203 141 156 209 283 342 403 434 439 533 630 653 883 894 935 999 1015 1197 1199
204 197 644
205 203 262 263 275 285 304 316 380 433 630 642 648 741 784 809 883 894 999 1068
206 11 37 188 209 275 340 390 434 472 553 642 697 712 731 883 895 1122 1184
207 8 28 41 69 75 92 141 178 197 209 220 268 271 323 355 392 409 434 473 520 534 548 590 644 720 731 788 807 836 894 895 944 974 980 987 1005 1101
208 188 209 701 828 894 999
209 92 209 227 344 434 548 618 642 644 653 731 883 977 999
210 1 11 35 209 344 390 409 472 642 731 883 895 935 999 1088
211 178 209 883 935 974
212 0 69 156 157 344 434 731 882 883 895 999
213 8 12 69 82 92 102 109 140 142 157 197 203 209 220 262 275 342 361 437 472 478 534 644 653 731 856 885 895 980 987 999 1072
214 102 141 151 178 201 227 275 409 642 644 883 999 1033 1201
215 92 344 433 548 644 666 712 883 935 1006
216 39 209 264 283 323 409 515 731 883 895 935 974 999 1009 1099
217 22 34 69 140 209 250 403 409 434 478 512 642 883 894 999 1122 1153 1154 1199
218 6 166 188 203 275 285 318 434 480 644 689 798 851 853 879 883 895 935 965 1086 1151 1158
219 178 999 1091
220 0 1 102 151 178 203 209 323 344 390 409 434 478 532 548 644 653 720 731 883 894 895 935 980 1023 1199
221 1 92 209 387 433 453 534 611 747 879 883 1068
222 1 317 344 434 494 527 642 716 828 853 862 883 894
223 22 152 209 344 393 478 515 642 679 716 731 756 828 853 883 895 977 1029
224 92 151 152 262 316 323 644 716 853 883 894 895 996
225 1 22 39 43 92 178 203 209 275 316 344 434 472 478 642 644 679 712 716 883 889 894 895 980 992 999 1014 1158 1199
226 28 29 92 123 148 151 171 178 203 209 237 262 263 285 304 318 342 344 346 409 433 434 453 472 483 507 534 548 560 607 702 709 712 720 731 741 786 883 894 895 919 1052 1068 1192 1193
227 151 188 209 344 642 731 895 911 999 1020
228 11 69 92 209 342 409 644 731 883 895
229 828 883 894
230 1 11 69 151 178 203 209 225 323 409 453 472 618 632 653 720 725 731 883 894 895 935 974 980 999 1088
231 20 22 44 46 92 141 151 166 201 209 283 284 323 433 434 472 644 696 816 894 895 974 999 1009 1029
232 1 11 151 178 203 209 344 472 642 644 712 731 883 895
233 1 11 39 69 151 227 262 275 344 433 548 642 720 731 883 894 895
234 0 13 102 151 178 179 201 203 209 275 285 320 409 577 614 628 644 770 883 895 999
235 92 102 151 154 209 275 285 316 320 323 453 644 883 980 1023
236 39 151 209 227 285 344 409 453 642 644 653 712 883 895 1068
237 69 209 250 434 653 883 894 999
238 1 11 69 209 409 472 515 642 731 883 894
239 69 141 156 157 190 209 232 342 409 434 566 642 653 895 974
240 0 28 102 203 209 256 275 380 409 453 472 478 514 548 642 644 653 666 712 731 861 883 894 895 999 1006 1027 1036 1203
241 69 209 344 408 409 478 642 883 894 895 930 979 999 1009
242 0 8 28 39 102 177 203 209 275 311 335 340 342 409 534 782 819 835 883 889 999 1072
243 41 209 409 895 999
244 92 102 178 203 209 227 323 611 644 689 697 731 837 883 895 935 1094
245 0 11 22 41 87 92 102 151 178 190 203 212 262 275 276 285 316 344 367 384 390 409 422 424 433 434 446 472 517 548 621 642 644 705 712 731 733 772 883 885 895 946 974 980 999 1049 1082 1088 1123
246 0 7 8 11 39 69 92 141 151 166 177 178 203 209 227 233 256 262 285 312 313 316 342 344 383 409 433 434 442 478 514 548 630 642 644 653 670 712 731 745 803 883 889 895 980 999 1034 1036 1072 1171 1174
247 0 11 16 41 69 73 92 102 178 188 209 233 250 275 289 340 344 409 422 434 472 514 515 595 618 642 644 653 679 696 731 811 828 835 882 883 894 895 899 974 977 980 999 1011 1027 1038 1061 1072 1122 1164 1171
248 102 166 203 209 227 318 323 387 453 548 644 720 731 851 879
249 40 53 92 102 151 166 178 203 209 227 433 472 644 980
250 1 20 90 140 156 157 164 250 264 271 275 283 316 344 367 408 409 434 448 477 515 528 535 642 653 676 697 731 861 882 895 935 979 980 998 999 1005 1009 1011 1130 1199
251 35 40 178 209 316 320 344 409 472 534 548 642 712 731 883 889 895 927 935 974 999
252 32 39 41 141 151 203 262 275 390 409 472 595 731 883 895 946 999 1152
253 201 262 1094
254 102 203 209 262 285 342 409 453 628 883 895 999
255 39 203 262 275 316 344 453 548 712 883 889
256 151 209 342 653 894 895 999
257 209 883 894 999
258 92 102 166 178 201 209 262 282 285 344 409 472 644 883 894 895
259 209 342 883 894
260 81 151 178 203 209 262 342 344 409 433 434 439 653 731 820 861 883 894 895 1011
261 11 20 22 81 95 102 151 178 209 270 283 344 409 427 434 477 534 630 642 660 663 696 701 786 894 980 996 1005 1014 1027 1104 1153 1199
262 11 178 185 209 344 390 409 720 731 791 810 869 883 895 974 999
263 69 178 203 209 262 344 409 433 642 712 895 999
264 209 252 642 894 999
265 39 92 102 151 178 203 209 262 283 342 409 434 472 515 548 595 642 644 653 712 731 883 889 895 935 974 1088
266 225 260 515 679 932 1001
267 209 731 883 894 895 980 999
268 39 92 151 166 203 262 275 283 285 344 362 409 433 453 534 548 731 871 894 895 935 999 1199
269 225 576 597 679 716 828 894 996 1014
270 178 209 275 344 409 433 623 630 642 828 894 895 999 1088 1099
271 160 209 260 493 522 597 660 696 828 883 894 929
272 141 642 653 731 883 894 895
273 11 92 203 209 237 262 285 642 644 731 883 999
274 35 178 203 209 285 434 472 642 644 670 883 974 1088 1099
275 14 92 140 141 178 209 218 283 344 387 434 445 462 469 642 644 653 712 714 731 883 894 895 935 1088 1122
276 28 69 102 140 151 190 197 209 262 275 285 312 316 342 344 409 434 472 514 534 617 628 642 644 679 712 835 889 894 935 987 1033 1199
277 71 92 166 203 208 227 275 285 312 313 317 409 453 472 534 548 642 644 720 731 889 935 980 999 1099 1172 1174 1201 1203
278 1 28 35 39 69 92 178 203 270 275 312 316 433 453 472 515 548 642 644 712 720 740 779 889 935 999 1036 1088 1174 1203
279 39 151 178 209 256 316 323 342 390 409 472 712 731 774 837 883 889 895 999
280 178 434
281 92 102 275 316 323 409 628 731 883 895 980 1068
282 151 203 209 262 318 895
283 1 49 151 178 191 209 225 275 283 285 316 323 409 472 517 632 653 712 731 782 828 883 894 895 935 974 999 1001 1049 1068 1130
284 32 102 151 178 192 209 275 285 405 409 466 472 534 653 722 767 883 895 943 999 1051
285 209 409 883 999
286 32 209
287 75 92 102 111 178 201 246 262 275 285 344 362 409 437 458 472 473 488 504 534 548 611 644 689 712 713 720 883 980 999 1088 1113 1162 1199
288 11 28 39 151 203 209 246 256 270 275 312 316 340 342 344 434 453 472 548 586 642 712 731 889 895 911 935 999 1033 1036 1099 1174 1203
289 203 209 883 999
290 1 28 39 203 209 227 262 275 344 433 434 439 472 515 548 642 644 712 720 731 883 980 999
291 3 11 17 163 209 359 472 515 529 633 638 642 866 883 888 895 998 999 1020
292 209 642 712 894
293 151 390 430 472 642
294 126 209 472 642 894 895 912 999
295 151 188 203 209 642 731 883 980 999 1023
296 35 46 64 221 264 332 345 409 453 489 653 731 883 894 895
297 48 64 69 178 209 264 335 409 515 623 712 875 883 899 937 946 980 985 999 1010
298 1 11 41 102 140 151 178 203 209 212 237 257 260 275 285 342 344 434 472 515 527 548 587 642 680 712 731 745 807 895 996 1065 1073 1088 1110
299 151 166 201 227 262 275 618 883 894 895 999 1068 1149
300 53 82 102 209 285 644 895 987 999 1068
301 0 1 53 65 69 72 75 86 92 93 98 102 209 213 229 230 236 257 258 262 275 282 317 323 330 348 366 387 409 433 453 550 575 579 623 626 644 650 655 699 741 779 782 812 813 817 846 871 882 883 885 911 918 924 935 937 947 953 974 999 1000 1040 1050 1074 1088 1092 1146 1165
302 209 457 472 712 883 895 999 1039
303 203 209 227 534 644 883 1068
304 46 49 53 92 102 127 151 178 203 209 212 223 227 237 262 275 317 344 390 409 433 472 534 548 642 644 712 720 731 786 871 894 895 946 999 1068 1088 1169 1172
305 87 92 102 203 209 253 275 409 644 683 689 883 895 999 1068 1094 1122
306 1 11 39 69 454 461 509 778 883 935 956 999 1078
307 1 41 43 69 178 209 237 317 370 390 433 434 462 469 472 548 644 653 697 711 712 786 883 894 895 946 1088 1099
308 1 209 285 344 409 453 534 642 644 731 883 895 935 949 999
309 92 102 203 262 275 409 434 453 472 515 644 731 883 895 1068
310 92 151 178 209 262 323 434 515 644 707 712 883 895 974 999
311 92 178 187 209 275 644 883
312 209
313 255 344 472 642 712 731 883 895 999
314 11 69 178 209 262 283 409 515 642 883 894 980 999
315 151 203 209 320 478 644 745
316 69 151 156 157 209 233 272 283 335 361 418 434 448 478 533 539 590 623 676 882 883 894 895 961 999 1072
317 1 11 39 81 151 178 201 203 227 275 316 344 409 434 472 534 642 731 883 895 942 974 1088 1199
318 141 271 409 410 425 883 894 999 1005 1118
319 11 39 48 64 69 102 164 388 761 895 935 999 1078
320 22 178 209 283 342 344 409 515 534 883 894 895 999 1062 1130
321 39 92 141 178 197 203 227 229 262 275 283 285 313 316 344 433 434 534 548 644 712 731 883 895 935 999
322 209 227 285 644 653 731 883 895 980
323 9 39 69 151 178 203 209 275 362 409 433 453 472 487 548 644 731 895 935 974 999 1176
324 0 87 151 187 203 209 220 262 453 720 721 731 883 895 923 980 1068 1094 1151
325 92 151 193 208 209 227 238 257 262 275 285 294 316 320 323 342 433 453 534 548 644 693 883 895 1068 1176
326 11 28 35 39 40 75 92 151 177 178 209 262 270 275 312 316 342 344 390 409 433 434 457 478 485 514 534 548 611 642 644 653 712 731 935 1036 1038 1039 1068 1088 1199
327 0 1 11 28 35 39 59 75 92 102 151 166 201 202 203 210 227 257 262 275 285 294 313 316 317 320 342 362 409 433 434 453 488 548 583 611 612 642 666 689 697 720 731 740 747 779 861 879 885 889 911 935 968 995 999 1011 1021 1068 1094
328 39 49 151 203 209 227 262 285 316 342 409 453 472 548 642 879 883 889 1068 1113
329 133 151 188 201 203 204 209 294 472 480 590 618 886 895 1123
330 178 895
331 166 178 188 203 480 1000
332 0 102 151 203 209 262 275 320 434 653 883 895 1023
333 92 102 209 433 644 653 883 999
334 166 178 227 266 285 323 348 480 644 851 1000
335 11 41 69 209 262 275 323 342 390 642 712 883 895 935 974 999 1180
336 1 28 35 37 44 46 151 166 178 203 270 312 313 316 317 344 434 453 472 548 642 644 712 720 889 895 1088 1150
337 203 209 434 895
338 0 11 35 36 69 92 102 108 138 141 151 187 197 201 203 209 212 220 227 262 275 283 285 323 387 408 433 434 445 453 472 473 488 548 595 642 644 712 720 731 742 744 757 782 786 836 883 894 895 946 951 974 979 980 987 1004 1100 1122 1198
339 39 74 110 135 151 166 203 227 262 290 323 399 434 547 551 571 611 641 657 662 686 688 824 842 879 926 939 948 952 969 984 991 1123 1132 1188
340 1 92 209 257 267 323 434 611 895 905 999
341 92 178 201 209 227 262 285 344 387 390 409 434 534 642 644 731 883 1088
342 102 178 197 203 209 323 644 731 883 895 980 987 999
343 178 203 209 212 275 283 285 408 409 630 642 644 883 894 895 935 999
344 151 203 209 275 644 731 895 974 980
345 209 409 883 895
346 203 262 409 644 895
347 69 209 883 894
348 81 178 201 203 209 227 285 323 362 434 472 534 548 642 644 712 895 1068 1199
349 209 388 642 883 999
350 69 178 209 409 478 642 653 712 731 894 1062 1088
351 22 41 69 178 201 246 283 342 344 409 439 478 515 642 653 712 731 828 883 894 935 1005 1049 1062 1130
352 69 178 409 642 894 999
353 11 38 39 140 141 157 203 209 212 250 262 275 285 360 433 453 483 534 644 653 670 741 883 886 894 914 919 937 974 999 1008 1045 1052 1152
354 262
355 11 28 41 49 64 69 75 102 171 178 201 209 212 250 262 309 323 360 380 433 459 472 534 741 844 883 895 911 914 919 955 974 976 999 1020 1033 1152
356 102 178 209 409 653 883 895
357 1 2 38 69 75 148 149 151 178 201 203 257 267 323 453 472 534 731 779 782 883 885 999 1049 1068
358 41 102 177 178 190 209 323 358 363 409 434 472 642 671 731 835 883 946 974 1024 1135
359 11 209 225 313 344 409 534 548 642 712 731 895 999 1093
360 46 283 470 630 712 883 894 999 1049 1088
361 1 178 209 225 250 409 493 660 665 696 716 828 883 894 996 1029 1065 1099
362 209 434 642 731 883 894 895 980
363 69 209 275 630 731 883 894 999
364 1 11 41 69 209 228 229 323 409 422 548 641 653 701 712 731 785 828 862 883 894 895 902 911 943 974 977 980 988 999 1049 1149 1201
365 102 203 472 644
366 38 41 81 178 197 209 220 246 344 409 434 883 949
367 19 28 39 75 92 203 209 262 275 285 313 342 344 390 433 434 472 502 644 883 889 974 1201
368 75 151 166 178 203 209 223 227 262 275 285 318 393 548 642 837 935 1068 1099
369 1 11 69 178 221 344 642 653 883 894 895 999 1020
370 1 41 44 47 81 169 178 225 237 246 250 284 317 319 323 343 344 357 375 393 404 423 439 472 478 522 576 592 637 641 642 653 660 665 679 696 701 716 719 731 756 796 814 828 837 883 988 996 1001 1014 1015 1029 1049 1062 1068 1104 1105 1142 1149 1199
371 19 151 166 203 262 275 285 409 548 642 712 720 731 883 935 972 974 999
372 49 75 92 151 203 209 227 262 275 285 346 433 434 453 472 534 642 712 883 999
373 54 129 209 883 999
374 28 49 236 453 727 941 1113
375 151 203 275 285 344 434 472 642 731 895
376 38 47 81 178 197 209 228 283 323 343 393 472 642 703 717 821 894 895 980 999 1149 1178
377 69 151 156 157 166 209 227 275 320 472 533 644 653 712 731 882 883 894 911 927 999 1023 1068
378 49 75 151 166 192 203 209 227 262 283 332 342 358 433 472 515 628 630 642 883 894 999
379 92 151 178 262 285
380 69 82 87 92 102 131 151 166 175 190 195 197 201 203 212 227 237 275 282 285 312 318 357 386 387 409 412 433 453 472 534 548 568 632 644 653 710 714 764 779 782 828 833 883 885 890 894 949 999 1020 1033 1088 1180
381 52 133 203 451 724 1177
382 209 883
383 1 44 78 160 178 209 225 260 343 393 404 434 493 522 526 576 597 660 679 696 716 828 837 894 932 1049
384 69 209 262 285 409 883 894 974 1005
385 1 11 32 39 41 151 203 209 227 262 323 344 434 453 472 548 642 644 747 807 883 895 935 999 1049
386 21 29 49 102 178 209 227 262 275 285 320 345 731 844 883 895 999 1068
387 203 209 227 285 534 712 883 894
388 41 209 275 316 409 434 472 595 731 872 883 895 999
389 102 151 209 316 409 434 731 895 999
390 0 1 37 44 92 102 141 151 178 209 227 262 283 317 344 472 478 642 644 712 731 785 786 837 883 894 942 946 949 974 999 1039 1142 1150 1172 1176 1199
391 69 92 141 151 166 201 203 262 285 362 409 433 644 712 720 731 980 999 1068 1113
392 19 122 151 166 201 203 209 262 285 318 344 409 434 472 548 568 611 615 731 782 786 871 883 999 1113
393 1 8 38 92 141 151 177 178 209 233 250 262 275 283 340 342 344 410 434 472 515 548 584 642 644 679 696 731 835 883 935 974 994 1068 1130 1171
394 1 92 203 209 227 317 642 644 731 883
395 151 209 502 1113
396 69 82 109 151 203 227 236 262 342 409 434 453 472 476 548 704 712 813 883 921 987 999 1023 1195
397 0 1 11 39 46 69 92 151 178 201 264 283 285 317 390 409 433 434 437 472 548 642 670 731 837 883 895 943 999 1099 1199
398 0 1 8 11 92 141 151 178 203 209 275 285 304 316 317 323 409 414 435 548 644 653 731 883 894 895 946 974 980 999 1002 1072 1171
399 1 151 178 209 642 883 895 1088
400 102 209 731 883 895 999
401 1 37 39 92 151 178 203 209 285 317 323 344 409 445 500 653 837 883 894 895 946 999 1049 1172 1199
402 92 151 193 203 209 285 453 644 883 1068
403 46 209 233 264 283 409 433 515 537 592 642 653 713 894 935 999
404 69 86 92 141 178 203 209 257 275 433 434 459 472 480 642 644 731 883 894 935 957 1177
405 348 409 434 618 883 894 999 1005
406 166 203 209 237 433 472 593 614 644 883 894 895 999
407 209 883 894
408 11 39 203 209 316 323 453 644 697 786 883 895
409 92 178 209 227 285 323 737 895
410 0 11 39 61 69 209 275 313 316 342 344 409 420 433 434 435 453 457 472 478 628 642 712 731 883 889 895 935 999 1036 1039 1174 1203
411 151 209 220 227 392 434 548 644 883 895 999
412 92 178 209 227 275 285 344 548 644 731 883
413 151 209
414 102 209
415 1 11 28 37 102 151 178 203 209 269 279 312 316 342 409 433 514 548 628 720 725 872 882 889 903 974 999 1012 1030 1033 1093 1097 1159
416 1 140 156 157 178 275 409 457 676 731 883 894 979 999 1005 1039 1049
417 895
418 102 209 731 883 999
419 151 209 275 653 883 895
420 434 883
421 1 92 184 203 209 227 262 275 342 344 409 472 515 533 595 642 644 712 742 872 883 894 895 956 999 1015
422 178 209 262 275 434 442 644 731 883 895
423 39 92 102 151 203 209 262 275 409 434 644 883
424 178 209 262 409 644 883 895 999
425 209 883 999
426 262
427 203 644
428 28 39 151 197 203 209 227 262 267 275 285 316 342 453 472 513 548 611 642 871 883 889 911 974 987 1068
429 262
430 209 275 409 883 999
431 0 151 209 275 342 409 434 472 478 628 644 663 731 820 861 895 911 974 999 1023 1038 1171
432 11 28 35 49 75 201 203 210 275 285 312 534 548 642 712 731 738 883 889
433 434
434 35 41 69 92 151 190 203 209 221 275 283 323 409 642 644 731 828 883 894 980 999 1062
435 209 227 285 409 883 894 999
436 81 92 151 178 209 262 324 342 472 548 642 644 653 895 999 1094 1122
437 11 35 39 92 178 201 203 227 262 270 275 285 433 453 534 548 644 712 731 894 999 1068
438 75 124 151 178 197 203 209 237 262 271 275 285 323 344 409 434 472 473 614 644 663 895 980 999 1176
439 46 47 209 225 284 411 422 467 548 595 641 828 872 883 895 1003 1048 1049 1130 1149
440 1 11 47 88 169 433 453 467 521 544 642 701 756 828 883 884 894 1001 1099 1149
441 1 39 178 203 209 246 262 275 285 316 344 390 548 642 644 712 720 871 894 895 935 946 949
442 11 12 35 69 118 203 209 246 250 275 344 362 409 434 435 470 472 478 515 540 642 653 712 731 786 848 894 946 974 999 1072 1107 1199
443 151 209 472 642 712 731 883
444 203 209 264 275 316 433 472 642 644 653 731 895 999
445 209 227 344 548 642 644 786 883 894 895 999
446 92 203 227 731
447 151 203 262 883 886 894
448 81 151 209 250 283 404 422 630 756 883 999 1130 1149
449 1 11 35 37 140 151 178 250 344 364 390 393 434 442 472 642 644 697 712 731 829 837 894 980 999 1001 1006 1023 1099 1142 1172
450 11 20 41 69 92 102 151 162 190 203 209 250 253 262 283 323 344 390 434 472 478 515 632 642 644 653 697 712 786 837 848 883 894 895 935 980 999 1041 1088 1122 1130 1199
451 203 209 275 644 895
452 151 203 999
453 151 203 262 275 285 316 409 472 883 980 1171
454 433 644 895
455 11 18 38 92 102 106 178 197 209 277 330 344 390 409 433 434 472 513 534 548 611 727 843 883 894 915 957 980 995 998 1094 1098
456 81 178 190 203 209 342 344 433 472 644 731 894 895 935 999 1068 1203
457 11 39 151 203 262 275 342 344 409 453 472 642 644 712 731 883
458 11 39 151 178 203 209 434 453 461 712 895 999
459 0 11 151 178 203 209 275 312 323 405 434 472 548 614 641 676 720 883 895 974 999 1034 1129 1145
460 209 409 642 731 894 895
461 92 262 644
462 209 548 782 883 895
463 178 209 227 313 344 472 534 548 712 731 895
464 92 209 275 344 409 433 472 548 642 713 731 883 895 999
465 39 41 151 178 203 209 275 323 344 390 409 453 642 712 731 895 946 999 1088 1199
466 0 1 8 11 20 35 37 38 39 69 92 178 203 209 262 285 316 317 323 328 344 390 409 425 428 442 445 453 472 628 642 712 720 731 794 835 870 887 895 949 980 998 1038 1068 1072 1088 1099 1161 1171 1172 1190 1199
467 1 11 22 58 69 250 284 344 404 409 470 630 642 731 816 828 837 1001 1049 1099 1130 1149
468 11 41 151 178 203 209 262 285 434 515 642 653 712 731 883 895
469 1 11 39 92 102 151 178 209 316 317 344 409 433 434 472 515 642 644 731 872 883 895 974 1088 1113 1199
470 11 102 151 178 203 227 275 323 344 439 472 515 644 731 883 895 1114
471 37 38 41 69 92 102 141 157 178 190 203 209 271 285 323 390 410 433 434 445 469 473 548 632 642 644 645 653 703 712 731 786 837 856 883 885 895 898 942 946 974 980 987 1015 1072 1088 1107 1142 1171 1199
472 39 203 262 285 324 409 644
473 151 203 409 883
474 34 41 102 151 178 203 209 275 316 323 344 390 433 472 515 642 712 731 883 895 1199
475 28 35 102 151 203 256 285 312 313 316 320 344 414 435 458 472 474 548 559 666 731 782 883 889 895 1002 1005 1036 1148 1174 1199
476 11 69 151 178 209 252 262 275 283 285 323 390 409 434 464 472 603 641 644 653 883 894 895 935 977 999 1001 1049 1068 1199
477 39 92 151 203 209 275 344 390 409 434 642 712 731 883 895 999 1068
478 203 712 883
479 92 151 178 203 209 275 409 642 644 712 713 731 883 895
480 1 142 209 317 344 390 409 434 472 642 786 883 895 999 1099
481 203 209 409 642 712 731 895 999
482 883
483 203 209 409 472 548 642 712 883 999
484 1 69 151 178 209 317 344 409 434 548 644 828 883 894 980 1099
485 209 883
486 209
487 151 209 275 731 895 999
488 151 275 409 472 642 712 731 883 895
489 209
490 209
491 178 203 209 275 344 478 548 595 731 883 895
492 1 11 151 178 209 275 342 344 434 453 458 478 534 548 595 642 644 712 731 895 916 935 1199
493 151 188 203 323 344 548 642 712 731 883 895
494 11 178 209 344 642 712 731 883 895
495 11 209 344 453 712 731 883 895 1199
496 28 102 151 201 203 209 222 434 453 548 731 883
497 11 39 209 317 409 411 434 445 453 548 642 712 720 731 786 883 895 935 999 1088 1094 1099 1149 1199 1201
498 11 151 178 203 275 344 409 453 472 644 712 731 883 894 946 999 1088
499 11 69 92 102 151 209 219 275 344 409 515 548 642 697 712 713 731 786 883 895 935 974 979 1088 1199
500 1 11 39 81 92 102 151 203 262 275 344 409 472 515 548 642 644 712 894 999 1099 1142
501 0 1 11 39 41 92 151 178 203 209 262 285 409 642 644 712 731 883 980 999
502 8 140 151 203 209 323 344 409 478 712 731 837 883 894 895 980 987 999 1072 1099 1171 1172
503 11 41 102 151 162 178 188 203 209 233 250 275 323 344 409 472 548 642 644 712 731 894 895 979 999
504 39 178 209 262 285 344 642 712 883 895 1199
505 0 8 209 409 434 820 883 895 946 999 1049
506 209 229 237 409 434 478 515 642 679 696 701 716 731 837 883 895 999 1033 1049 1099 1130 1149
507 209 828 894
508 44 343 422 665 701 712 756 828 883 894 935 1104 1149
509 209 828 894
510 28 177 203 209 316 344 409 433 434 534 548 731 883 895 999 1113
511 209 409 434 515 642 644 653 731 785 883 895 902 980 1049
512 92 102 151 209 262 275 285 342 344 409 433 434 453 642 644 679 712 720 731 767 895
513 1 11 22 44 69 81 151 177 201 203 227 262 283 317 348 409 422 478 576 622 636 642 644 653 670 671 679 696 716 731 756 759 828 835 837 872 883 907 930 943 980 985 996 999 1027 1038 1049 1088 1130 1149 1191 1201
514 1 69 178 203 209 283 323 393 422 467 478 515 544 630 653 701 732 756 828 862 883 894 935 977 996 999 1001 1107 1118 1129 1130 1149 1199
515 22 75 148 151 166 201 203 209 233 250 262 275 283 344 390 434 439 453 644 670 731 883 935 999 1045 1199
516 11 47 178 203 225 548 642 731 828 1088 1099
517 828 894
518 209 630 837 883 894 1001 1049 1149 1199
519 209 828 883 894 1001
520 44 178 209 283 344 409 453 472 534 630 644 670 731 756 828 831 848 883 894 895 974 977 999 1001 1049 1062 1119 1149 1201
521 81 209 828 883 894 1049
522 44 75 81 92 203 250 262 275 317 375 422 434 637 642 731 814 828 883 894 895 1104 1149
523 1 11 92 151 178 203 275 323 344 434 472 548 642 644 712 731 883 894 999
524 1 38 69 151 178 209 344 390 409 453 642 644 653 697 837 894 895 999 1015 1201
525 1 81 209 316 515 642 828 883 996 1014 1049 1099 1130 1201
526 1 11 41 81 105 151 178 190 203 317 323 370 387 434 642 668 714 731 883 895 974 999 1088 1099 1186
527 548 644 653 701 731 828 883 889 996 999 1088 1149
528 0 69 102 156 157 178 209 409 731 850 883 895 1023 1034
529 0 41 69 151 178 433 434 453 548 642 644 731 883 895 980 1131
530 11 102 151 155 201 203 209 285 380 433 472 534 642 670 731 883 894 895 935 999 1068
531 0 151 209 409 731 894 980 999
532 209 409 434 731 894 895
533 178 209 472 731 837 883 894 895 999 1099
534 69 92 203 262 275 409 642 644 883 999
535 11 34 102 178 203 262 323 344 472 642 731 883
536 1 11 20 151 188 191 203 212 249 252 262 275 344 357 390 409 434 439 462 472 478 515 642 712 731 756 828 883 894 937 977 980 999 1088 1199
537 1 11 190 203 209 225 246 344 367 368 390 409 446 462 472 515 624 642 671 697 701 731 831 888 894 935 999 1049 1082 1083 1088 1129
538 11 178 250 275 316 323 409 434 472 642 697 712 731 974 1088 1199
539 1 209 252 283 515 630 642 653 894 895 1130
540 0 1 39 92 141 142 203 209 227 275 285 313 342 344 433 434 453 478 628 642 644 712 731 883 894 895 980 999 1068 1171
541 11 34 38 69 92 102 151 156 157 178 211 275 307 316 323 342 344 436 453 457 473 515 534 548 642 644 652 697 731 820 861 883 894 1023 1034 1074
542 209 828
543 209 283 828 883 894
544 731 883 895
545 140 209 275 283 335 447 515 590 731 848 883 1005 1009 1099
546 0 7 151 203 209 262 275 311 316 350 409 472 565 697 712 745 895 1023
547 11 151 178 203 209 275 323 342 720 845 895 974
548 92 151 250 285 323 348 439 480 644 883 895
549 68 78 140 151 178 226 260 262 275 335 344 515 522 576 618 642 644 653 680 804 853 883 894 899 932 977 980 996 1007 1049 1073 1099 1149
550 29 149 178 209 285 409 437 895 999
551 92 151 178 203 209 250 285 323 348 409 439 480 883 999 1005 1068
552 8 11 38 102 105 140 141 151 178 193 203 209 283 340 344 409 453 472 515 548 653 883 894 895 999 1027 1072 1088 1171
553 209 225 523 642 828 883 1001 1149 1199
554 178 203 227 275 304 344 433 712 720 731 883 894 1068
555 92 209 344 548 644 712 731 883
556 151 262 642 644 731 883 895
557 209 225 343 642 828 894
558 41 46 69 166 178 283 344 653 883 894 895 935 999 1088 1150
559 69 92 178 201 203 209 262 409 434 439 453 644 883 895 999 1015 1033 1068
560 457
561 81 88 209 246 250 515 642 756 828 894 999 1099 1149
562 28 49 75 102 151 166 178 203 227 236 238 257 275 285 313 318 387 392 433 453 472 644 658 703 712 727 731 741 747 851 883 895 935 972 995 1054 1068 1112 1141 1151 1176 1194
563 131 197 201 220 263 345 433 453 534 703 914
564 151 178 203 209 344 409 644 731 883 895 999
565 49 69 75 166 209 285 472 642 731 883 974
566 166 178 203 209 266 285 472 642 644 731 883 974
567 1 11 178 209 262 344 472 644 712 883 894 895 1099
568 32 102 151 203 209 279 409 434 453 548 725 883 895 999
569 203 209 275 409 458 653 731 855 883 894 911
570 316 409 883 980
571 102 203 209 250 275 316 323 409 472 514 515 642 883 894 980 999 1023
572 151 203 209 262 466 467 515 630 642 701 722 881 894 980 999 1001 1051 1104
573 61 102 178 209 275 434 453 667 820 883 911 967 999
574 22 28 69 102 115 129 148 151 177 201 209 220 255 275 315 316 409 434 453 653 670 684 718 731 733 782 807 832 835 883 894 895 999 1033 1062 1128
575 1 11 28 81 209 313 548 642 720 731 883 889
576 39 209 344 453 642 731 883
577 102 178 227
578 40 102 209 316 434 820 883
579 1 11 69 151 178 209 229 242 317 393 434 548 642 653 712 731 837 872 883 894 980 999 1172 1199 1201
580 69 151 178 209 323 409 434 472 712 731 895 1199
581 8 22 39 102 148 151 177 201 209 275 342 429 453 478 581 670 731 882 894 935 999 1005 1062 1072 1171
582 11 92 534 642 883 1049
583 11 42 178 203 209 237 250 275 344 434 515 534 642 653 731 828 837 883 894 895 935 999 1001 1068
584 81 209 343 642 644 701 837 894 1001 1088 1099
585 178 197 203 227 262 285 548 895
586 22 37 102 151 209 255 323 344 387 409 434 472 478 581 642 653 712 731 835 883 894 974 980 1027 1038 1061 1062
587 69 92 102 203 209 323 409 515 644 883 894 895 987 999
588 209 472 642 731 883
589 209 477 642 883 894 999
590 642 883 894 999
591 140 141 209 434 883 999
592 209 409 642 883 999
593 209 344 642 883 999
594 203 285
595 92 102 151 262 275 323 409 644 731 883 895 999 1094 1122
596 203 275 312 434 642 731 883 889 895 999
597 41 178 203 262 275 283 409 434 644 731 883 894 980 1049
598 69 102 209 642 883 999
599 209 283 894 895 999
600 178 209 237 883 894 895 1033
601 1 11 29 35 39 75 102 178 201 210 270 275 320 344 387 453 472 488 583 612 642 644 689 697 720 731 747 837 879 883 895 935 999 1021 1068 1094
602 102 151 275 316 409 434 472 720 785 883 895 999
603 999
604 409 883
605 653
606 40 75 102 151 178 203 229 275 285 316 323 433 472 532 653 731 820 875 883 895 974 980 999 1023 1171
607 1 11 22 69 102 162 164 178 209 212 225 228 237 250 262 274 278 283 301 302 344 409 422 433 434 478 488 510 515 536 576 608 622 653 665 670 671 679 696 697 712 715 731 756 766 828 837 853 854 872 883 894 907 923 930 935 946 950 964 974 996 1049 1068 1084 1089 1104 1180
608 69 92 102 151 178 203 209 227 275 316 322 409 644 895 999
609 11 28 151 178 227 262 275 285 313 472 548 642 644 712 720 883 889
610 409
611 28 102 131 203 209 233 409 420 434 443 534 684 745 894 895 960 999 1033 1085
612 69 197 203 233 275 434 653 883 895
613 11 75 178 203 209 227 275 433 472 644 883 895 935
614 22 58 209 434 478 679 712 731 894 895 909 996 999
615 1 11 178 190 209 344 368 409 462 472 478 515 701 712 731 831 883 888 894 895 1082 1122
616 11 22 141 151 203 209 227 262 285 361 390 409 433 472 478 611 642 644 731 774 835 879 895 900 974 999 1005 1042 1068 1083 1088 1122 1140 1180 1199
617 178 190 209 434 472 642 731 883 895 1093
618 0 1 11 178 203 209 220 262 285 344 434 469 642 813 883 894 895 1022
619 75 151 209 227 275 344 453 712 731 738 883
620 75 203 209 227 344 433 472 731 747 883
621 1 203 209 275 344 409 472 642 712 872 883 894 935 999
622 209 458 548 712 731 837 883 894
623 11 18 35 69 140 141 162 178 253 262 264 390 409 429 434 472 478 642 712 731 883 895 935 999 1038
624 11 178 323 434 462 472 642 712 883 890 895 974
625 11 92 151 203 227 262 275 285 316 318 409 433 434 642 712 731 883 895 999
626 11 38 41 69 102 162 169 178 209 323 344 390 409 642 655 731 786 894 974 987 999 1122
627 178 209 323 390 472 731 883 895
628 1 41 162 178 209 250 344 390 472 642 655 712 731 786 883
629 41 209 323 786 883 895
630 41 209 323 472 642 731 786 895 1122
631 41 102 209 323 390 472 642 731 786 883
632 41 390 642 731 786 883 895
633 1 44 209 344 409 445 469 642 712 731 894 895 999 1005
634 39 102 151 193 203 209 250 342 390 472 534 642 712 713 743 883 895 999 1109
635 11 102 323 472 883 895
636 28 151 203 209 227 262 275 344 390 434 548 630 642 644 894 895
637 8 10 11 28 39 64 69 151 203 209 342 472 497 534 644 653 712 731 883 889 895 911 912 946 1012
638 1 39 178 203 275 317 344 434 472 642 883 895
639 209 828 894
640 151 275 883 894 895
641 209 712 894 999
642 151 203 209 275 344 472 712 731 883 999
643 41 178 209 409 434 642 894 895 999 1049
644 1 246 344 409 472 714 895 1088 1122
645 92 201 203 275 409 731 883
646 41 102 151 178 193 203 316 323 472 644 697 883 895
647 209 422 653 756 828 883 894 999 1149
648 88 209 422 756 828 883 894 999 1149
649 46 264 590 642 883 895 999 1009
650 8 41 178 209 233 275 313 323 409 453 478 548 642 731 883 895 999 1072
651 69 151 209 275 409 999
652 1 151 178 188 209 225 429 472 515 642 653 731 756 828 848 883 894 943 999 1013 1049 1130
653 69 102 132 209 308 315 453 883 895 968
654 102 151 203 209 275 409 420 472 478 548 712 883 980 999
655 22 151 209 255 409 434 435 472 478 525 653 883 895 999 1061 1062 1178
656 883
657 10 22 102 151 177 209 255 409 434 581 642 718 731 835 882 883 930 999 1027 1038 1060 1061 1062 1164
658 0 11 102 139 147 151 178 209 223 233 323 409 433 472 478 515 534 581 587 637 642 679 712 733 883 889 895 935 980 1038 1088 1140 1171
659 69 151 209 409 790 883 894 895 980 999
660 209 434 472 731 883 895
661 39 49 131 178 209 262 275 285 342 362 409 434 615 712 731 787 851 871 879 883 886 895 921 935 946 949 980 999 1023 1094 1176
662 1 102 151 178 201 203 275 317 344 409 469 534 548 642 644 712 837 883 895 999 1172
663 69 102 171 178 203 209 261 263 275 387 409 453 459 472 507 515 534 653 731 883 894 999 1008
664 151 178 275 434 453 472 653 712 731 883 895 999
665 1 39 151 156 178 203 209 275 344 409 472 548 642 731 883 894 999 1020
666 209 731 883 894 999
667 178 209 275 409 453 595 731 999
668 178 190 209 409 642 731 883 895 999
669 1 92 151 203 209 453 472 642 644 883 894 895 935
670 209 642 883 894 999
671 883 961
672 209 434 642 731 894 999
673 69 209 883 999
674 883
675 209
676 209 642 883 894
677 178 883
678 11 151 178 275 316 409 434 453 472 595 653 731 883 895
679 102 209 409 883 999
680 1 11 32 39 102 151 262 285 390 434 472 642 712 731 742 883 935 946 980 990 999 1088 1142
681 102 178 192 209 409 434 731 883 895
682 166 178 203 209 262 275 285 472 642 883 935
683 102 151 203 209 233 323 409 434 472 548 642 731 895 974
684 28 75 203 209 275 285 642 712
685 69 151 203 209 275 409 644 883
686 69 102 151 178 209 409 883 895 999 1015
687 1 11 39 209 731 895
688 1 409 434 453 642 644 712 883 894 895 935 999
689 178 209 409 653 895 999
690 40 92 151 178 209 275 316 320 342 409 514 628 644 883 999
691 39 209 434 642 731
692 69 883 895
693 209 409 653 883 894 999 1049
694 69 178 209 409 434 642 731 883 894
695 434
696 1 178 209 409 883
697 69 178 209 409 712 883 895 911 999
698 209 409 883 895 999
699 209 895
700 69 209 344 434 731 894 895 999
701 1 11 28 151 178 227 644 883 894 895
702 39 178 209 344 453 548 883 895
703 151 203 209 275 316 342 344 409 433 434 548 642 712 731 883 895 974
704 999
705 203 227 344 390 433 472 548 642 731 883 895 911 935
706 69 883 894 895 999
707 39 57 131 178 262 344 534 548 720 883 895 999
708 895 999
709 1 151 209 295 342 895 999 1020 1099
710 69 92 209 313 390 433 434 472 534 642 644 712 731 883 889 895 999 1015
711 472
712 883
713 201 453 883 999
714 178 453 883
715 1 11 151 178 203 209 262 275 316 344 390 472 548 786 883 895 980 1088
716 0 8 19 34 37 39 41 46 53 69 82 92 107 140 141 156 167 200 202 203 208 209 223 227 250 275 294 304 313 317 328 340 351 390 410 422 434 445 453 468 469 472 473 516 603 618 627 642 644 653 670 701 703 712 720 729 731 785 823 883 885 894 902 943 946 957 966 977 987 999 1002 1013 1017 1068 1072 1081 1099 1140 1150 1176 1184 1197
717 472 642 883 895
718 409 644 894 999
719 209 275 642 894 999
720 39 69 151 344 409 453 642 712 883 999
721 0 102 178 209 275 316 342 344 409 434 453 470 478 557 642 712 731 889 895 974 999
722 11 151 178 209 472 642 712 883 895 974
723 883
724 1 151 178 190 209 275 285 409 433 434 472 548 642 712 999
725 1 151 178 209 409 453 515 548 712 883 895 935 1088
726 11 151 203 227 262 285 433 472 534 630 642 644 653 697 731 786 883 895 1088 1093 1199
727 69 151 190 203 262 275 307 409 548 623 703 731 894 895 959 980 1005 1131
728 209 883 895
729 344 642 653 712 731 807 894
730 1 178 209 250 275 472 642 653 712 731 883 894 895 935 1088
731 39 40 44 81 92 151 178 203 209 250 275 285 316 320 342 409 422 433 453 472 642 644 883 895 999 1068
732 883
733 102
734 92
735 209
736 883
737 883
738 883
739 883
740 883
741 883
742 102 883
743 69 140 151 209 262 409 623 883
744 883
745 57 92 102 151 157 209 261 409 433 453 507 670 895 955 999
746 883
747 883
748 883
749 102 151 157 209
750 883
751 883
752 41 209 409 434 731 883 895 999
753 39 81 151 178 203 209 237 262 275 344 409 434 453 642 712 731 786 894 895 935 942 999 1088 1099 1105 1199
754 46 178 209 317 883 894 895 1122
755 178 317 344 434 642 883 894
756 69 883 894 999 1005
757 20 151 203 209 413 434 472 515 590 712 731 883 895 935 979 1009
758 11 15 37 140 178 212 237 250 284 367 434 441 446 469 517 642 705 731 883 974 999 1020 1062
759 883
760 883
761 209 453 653 720 883 895 999
762 11 151 209 434 712 883
763 11 344 712 731
764 209 409 472 642 731 883 894 999
765 209 344 731 807 883 894
766 151 209 409 642 883 999
767 1 11 39 92 151 203 275 285 316 344 472 534 642 644 712 720 731 786 883 895
768 39 92 102 151 203 209 227 275 344 472 548 644 712 883 1088 1113 1199
769 11 39 209 344 453 472 642 731 894
770 409 642 712 883 999
771 1 28 151 178 203 344 409 410 434 642 653 712 883 889 894 895 935 999 1199
772 1 92 177 178 203 227 262 285 409 434 472 548 642 644 712 731
773 344 548 644 731 883
774 151 178 203 227 344 480 644 883
775 203 209 275 548 642 644 999
776 1 11 39 92 151 203 209 275 344 390 409 453 472 534 548 642 712 731 883 935 974
777 1 11 28 39 102 203 209 275 312 313 316 342 409 453 548 642 720 883 889 895 999
778 28 35 39 151 203 209 270 312 344 434 472 548 642 731 883 999
779 209 883
780 151 209 275 285 304 434 472 548 642 883 1068
781 209 883
782 209 434
783 1 11 35 203 209 344 644 712 731 883 895 1088
784 39 92 209 390 409 453 472 548 642 644 712 883 894
785 8 11 34 102 151 203 209 262 275 409 434 472 642 644 712 731 935 999 1068 1072 1088
786 11 39 92 151 203 209 250 342 409 434 472 548 644 701 731 883
787 39 129 178 209 390 409 434 453 472 642 712 731 883 946 999 1072 1099 1171
788 151 250 344 409 453 642 712 883
789 1 209 275 472 883 895 935
790 203 731
791 203 209 344 644 712 731 883 895
792 11 151 203 209 212 227 344 433 534 548 644 712 720 731 883 895 1113 1199
793 1 69 151 166 209 344 409 533 644 712 747 883 894 946 1068
794 1 28 69 151 157 178 203 209 237 275 344 409 458 478 548 653 712 731 741 883 889 895 935 961 980 999
795 28 39 151 209 227 275 313 433 472 534 548 642 644 731 889
796 28 39 75 151 166 203 209 227 344 434 453 469 642
797 28 39 102 201 209 312 434 453 472 642 712 731 883 999
798 75 209 227 731 883 1068
799 166 203 209 731 883
800 28 75 92 166 201 202 203 209 227 362 642 720 883 889 968 995
801 28 203 434 534 712 883
802 209
803 178 209 344 642 731 883
804 209 304 344 472 642 644 712 883
805 178 209 304 409 434 453 472 534 712 731 741 883 974 999
806 92 600 644 838
807 151 203 209 227 275 644 712 883
808 69 203 434 642 712 731 883 894
809 209
810 344 731 883
811 209 731 883
812 151 472 642 712 883 895
813 22 28 69 102 409 472 478 642 712 731 835 883 895
814 1 8 11 22 102 203 209 256 313 316 342 409 434 435 453 472 478 548 628 642 653 731 738 835 883 889 894 895 909 963 999 1036 1038 1088 1093 1174 1203
815 209 344 720 731 883 999
816 344 883
817 151 209 883
818 75 209 731 1068
819 28 75 151 203 209 213 275 316 344 534 712 731 889 999
820 472
821 75 79 151 171 201 227 261 263 316 346 380 459 534 578 644 682 692 712 731 805 806 813 883 895 919 980 1045 1052
822 92 151 275 285 362 433 472 534 712 731 883 895
823 178 209 344 642 712 883
824 209 883
825 75 227 285 534 642 644 712 731 883
826 28 92 203 209 262 275 344 409 433 453 472 534 548 883 895 1113
827 28 151 203 275 534 548 642 883 1113
828 28 35 69 92 151 203 209 227 270 283 312 342 434 472 534 548 628 642 644 712 731 895 980 999 1130 1178
829 69 151 203 209 227 283 285 409 434 472 642 883 894 895 999
830 203 283 644 712 731 872 883 999
831 1 11 39 41 151 178 275 344 434 472 515 712 731 786 883 895 980 999 1088 1199
832 22 75 102 141 166 178 203 209 275 283 390 409 433 434 472 478 630 632 644 712 731 828 872 883 894 895 980 999
833 1 151 209 344 548 883
834 344 434 731 883
835 203 209 344 409 433 644 883 894 999
836 39 209 344 515 731 883
837 92 712 883 999
838 1 203 209 409 434 999
839 209 344 409 883 999
840 28 203 472 534 548 642 731 883 1113
841 203 209 642 644 731 883
842 151 203 209 433 644
843 178 203 209 275 642 731 883
844 151 275 344 642 731 883
845 166 203 209 227 262 275 285 342 409 472 644 712 731 883 999
846 11 166 201 203 209 227 285 316 344 434 642 644 712 731 1068
847 11 28 151 203 209 283 342 344 409 433 434 534 642 712 731 1099
848 28 102 151 178 209 256 275 312 313 316 320 342 409 453 472 653 712 720 731 746 895 935 999 1033 1034 1203
849 548 642 731 883
850 41 69 92 102 141 151 178 197 203 209 323 355 409 642 883 894 895 935 980 999 1163
851 41 69 102 141 209 409 731 883 894 895 999
852 11 178 883 1088
853 151 203 209 233 275 409 472 712 731
854 209 472 548 712 731 883
855 209 712 883
856 28 39 344 434 472 642 720 731 883 889 980 999
857 209 712 731
858 209 548 731
859 39 102 151 157 209 340 344 390 434 642 653 712 731 883 895 999
860 39 344 434 472 548 642 731 889
861 209 344 434 642 712 883
862 11 151 190 203 209 434 548 642 712 731 883 935 946 999
863 140 209 434 642 712 731 883 999 1062
864 151 203 209 227 250 262 283 316 344 515 644 653 731 871 883 1068
865 1 11 39 69 92 151 178 203 227 275 285 328 342 409 433 434 478 548 644 794 883 894 895 935 999 1099
866 0 1 11 22 39 178 233 237 317 342 390 472 548 637 642 644 653 712 731 883 895 911 999 1061 1199
867 11 151 203 317 344 409 883 894 999
868 712 731 883 894 946 999
869 209 275 344 642 731
870 1 11 151 209 409 642 731 883 935 999
871 209 342 712 946
872 209 344 731 807 883 1049
873 151 203 209 227 262 344 409 433 453 472 731 872 883 894 999
874 209 409 642 712 731 999
875 11 141 209 344 712 894
876 1 39 344 712 731 883
877 102 209 409 642 712 731
878 102 203 209 275 312 433 434 453 472 999 1068
879 203 275 344 883 999
880 151 209 409 642 644 999
881 151 434 883 999
882 209 344 434 642 712 731 883
883 28 209 262 285 472 731 747
884 409 731 883 999
885 1 92 151 472 642 712 747
886 28 39 92 201 209 313 344 534 642 644 712 731 883
887 151 209 712 883
888 92 209 262 285 433 453 472 644 731 883 1068
889 28 39 49 92 151 178 209 262 275 433 434 453 472 548 642 644 653 712 980 999 1068
890 151 209 262 285 548 642 644 712
891 1 209 642 883
892 39 92 151 227 453 642 644
893 151 209 434 548 712 883
894 28 472 644 883 889
895 151 209 262 275 283 285 316 344 644 731 883 935 999
896 151 209 342 883 946
897 151 203 209 275 313 316 342 409 433 642 712 935 946 999
898 1 11 151 209 342 472 642 712 883 935
899 209 644 712 731 883
900 151 203 344 642 712 731 883
901 151 178 209 344 409 712 731 999
902 1 8 35 151 178 209 275 283 323 340 344 409 422 434 515 548 608 642 644 712 731 786 837 894 895 979 999 1088 1099 1172 1199
903 11 102 151 209 344 409 472 720 731 883 895 999 1199
904 11 92 140 141 151 209 275 342 434 548 628 642 644 712 731 883 894 895 999
905 1 141 151 203 209 342 344 409 433 434 453 472 628 644 712 731 883 1113
906 39 151 209 283 316 409 433 453 472 712 731 894 935 999
907 10 92 142 209 227 262 275 285 342 344 409 420 434 453 472 642 644 883 894 906 999 1171
908 203 209 275 712 883
909 28 203 209 275 644 731 883 895
910 28 35 39 69 92 102 151 178 209 256 275 312 316 340 342 344 355 409 434 472 534 642 653 731 820 882 889 894 935 946 961 974 999 1038 1171
911 28 151 209 344 434 642 712 731
912 548 642 731 883 1033
913 1 178 209 275 409 642 731 883 894 895
914 151 203 209 275 472 642 731 747 883 1033
915 92 209 275 344 409 644 653 712 883 894 999
916 39 209 409 433 434 548 642 712 731 883 935 999
917 151 209 712 1113
918 92 203 227 433 434 472 712 731 895 1113
919 209
920 28 151 203 209 275 316 344 409 472 712 883 889 935 1203
921 28 75 151 409 433 434 472 534 548 731 883 999
922 69 151 203 209 262 283 285 344 630 644 712 883 999
923 69 141 151 166 178 209 227 262 283 285 344 409 434 453 548 630 644 712 731 786 883 895 935 949 1062 1068
924 1 92 227 275 344 433 644 883
925 209 285 304 344 472 515 630 642 712 894
926 151 209 409 434 472 515 548 630 644 653 712 720 731 883 999
927 92 151 209 262 285 433 434 548 642 644 731 883
928 151 203 209 275 548 644 712 731
929 92 151 209 283 433 642 644 731 894 895 999
930 188 203 209 250 262 344 434 712 883 999
931 209
932 209
933 1 151 178 203 227 344 472 642 644 872
934 28 102 203 209 344 434 731 883 999
935 92 151 203 262 285 731
936 39 69 92 209 227 285 344 433 434 472 644 712 883 894 980
937 209 712 731
938 41 209 472 642 712 731 883 999
939 203 209 472 712 731 883 999
940 209 344 472 712 1088
941 1 11 102 151 178 209 328 453 472 548 642 731 863 883 889 1088
942 92 102 178 203 209 275 344 434 472 642 644 712 894 895 974 1178
943 140 151 166 190 201 203 209 275 285 316 344 409 433 434 453 472 642 644 712 731 747 883 999 1068
944 39 92 151 209 285 316 344 433 453 472 534 712 731 1068
945 11 203 209 262 344 433 439 453 472 514 548 653 712 782 883 895 946 999 1130 1201
946 262 642 644 712 731 883 894 895 999
947 39 92 151 203 262 344 390 642 644 712 731 883
948 39 203 209 316 344 390 453 642 731 895
949 39 92 102 178 285 316 344 434 534 548 642 644 712 731 894
950 151 182 203 209 275 344 472 642 644 653 731 748 883 895 1088
951 92 151 203 209 275 285 344 409 453 548 642 644 712 720 731 883 894
952 35 209 270 312 313 344 390 434 453 472 548 883
953 92 151 203 227 285 453 472 548 642 712 731
954 151 344 472 644 712 883 894 895
955 178 203 209 262 316 317 344 642 712 883
956 11 92 151 203 209 344 644 712 731 894
957 1 11 39 151 157 203 209 262 275 313 316 433 548 642 712 720 731 883 935 946 999 1068
958 209 344 883
959 39 151 178 203 209 548 720 731 883
960 1 39 209 344 434 642 883 894 999
961 209
962 209
963 11 151 209 344 472 642 712 935 974
964 39 151 209 262 275 285 316 344 433 453 642 712 883 999
965 1 39 151 203 209 275 316 344 409 453 472 548 642 720 731 883
966 69 151 178 203 209 275 316 332 342 409 439 472 515 548 644 653 883 895 999 1088 1093
967 1 11 92 151 203 209 262 275 344 434 472 644 712 731
968 1 39 151 178 409 453 472 548 712 720 731 883 894
969 209 434
970 41 102 151 178 344 409 472 548 642 712 731 974
971 41 151 178 209 472 712 883 895 935
972 1 11 69 203 262 285 320 344 409 433 434 472 642 644 712 883 895 1068
973 92 151 178 203 246 262 275 344 472 534 548 642 644 712 731 883 999
974 11 209 453 472 712 883
975 92 151 209 344 390 409 883 894 999 1088
976 39 69 92 203 209 285 316 344 362 409 453 472 534 642 712 720 731 883 894 946 1068
977 39 151 203 209 275 285 316 344 409 433 472 731 999 1068
978 28 151 203 209 275 312 313 344 390 472 595 632 712 731 883 889 894 935 1088
979 11 39 41 44 81 92 151 203 209 275 316 344 409 433 434 548 634 712 731 867 883 895 999
980 151 209 227 275 285 344 644 883
981 39 203 209 316 453 642 712 894
982 151 178 203 209 262 731 883
983 11 41 69 151 178 203 209 344 409 434 472 515 534 712 883 889 894 895 935 1088
984 39 92 151 209 344 433 453 472 644 712 895
985 1 209 409 515 642 894 999 1099
986 731
987 151 209 275 285 316 472 548 720 731 837 883
988 203 209 227 262 275 644 712 883 895
989 209 344 642 883
990 203 209 344 642 712 731
991 209 731 883
992 209 731 883
993 92 151 209 262 275 316 344 362 433 472 548 644 712 731 883 1068
994 69 151 209 312 313 342 433 712 731 889
995 1 11 69 102 151 344 409 712 720 883 894 999
996 344 642 712
997 209 344 642 883 999
998 39 151 203 209 285 453 472 515 548 642 720 883 935
999 712 731 883
1000 712 731 883
1001 209 344 409 642 644 895 999
1002 209 344 409 712 731 999
1003 209 344 712 883 999
1004 209 344 409 434 653 712 883 999
1005 11 39 151 209 275 344 433 453 472 642 712 747 935 999 1113
1006 209 344 642 731 883
1007 69 209 344 731 883 894 980 999
1008 209 409 712 731 999
1009 344 712
1010 712 731 883
1011 11 28 39 44 92 166 179 197 209 227 275 285 304 316 409 434 453 472 534 548 614 642 644 720 731 747 883 895 974 999 1199 1201
1012 39 92 151 209 275 285 304 342 344 409 433 434 472 642 747 883 894 935 999 1068
1013 209 344 433 642 644 883
1014 1 141 178 209 283 342 642 883 1099
1015 35 203 209 312 342 712 731 883 894
1016 49 151 166 203 209 227 275 285 409 472 644 883 999
1017 275 731 883
1018 151 203 644 731 883
1019 151 203 209 275 344 712 731 883
1020 151 201 203 227 275 342 344 534 644 883 894 999
1021 209 548 642 731
1022 209 344 712 883
1023 49 151 203 227 285 362 433 712 731 747 883 1068
1024 92 203 209 548 644
1025 11 151 275 316 409 472 642 653 712 731 883 895 999 1088 1199
1026 28 39 203 209 409 434 472 642 712 731 935 999 1088
1027 92 151 203 209 262 285 344 453 548 712 731 883
1028 28 275 312 342 712 731 883 889
1029 203 209 275 433 472 644 712 747
1030 178 203 209 283 344 642 894 999
1031 285
1032 151 203 275 316 344 642 731 883 999
1033 75 92 203 227 285 316 434 644 731 883 1068
1034 1 28 39 151 203 275 312 342 344 548 642 731 883 889 1172
1035 203 209 285 644 712 731 883 999
1036 28 209 275 312 316 342 433 472 548 712 731 883 935
1037 28 203 209 313 344 548 642 644 731 837 883
1038 151 209 712 731 883
1039 209 344 642 731 883
1040 151 203 209 275 883
1041 178 731 883
1042 209 275 316 344 433 472 548 644 712 731
1043 209 644 712 883
1044 1 92 151 178 203 209 262 275 344 409 433 472 642 644 712 883 999
1045 1 28 209 344 472 642 883 889 894 946 1122
1046 28 151 312 313 548 644 883
1047 151 434 472 642 883
1048 151 203 209 275 409 434 642 712 883 980
1049 1 39 151 209 285 453 472 644 712 731 883
1050 39 92 151 209 227 262 285 344 409 433 514 642 644 883 980 999
1051 1 92 151 209 225 275 344 409 434 453 642 644 712 883
1052 151 883
1053 28 39 92 203 209 262 312 342 344 434 472 534 548 642 653 731 889 999 1015
1054 151 317 344 409 434 642 712 731 883
1055 285
1056 28 75 92 151 201 209 261 262 275 320 379 534 644 670 673 731 883 895 941 975 1021 1152
1057 209 883
1058 75 203 209 712 731
1059 209
1060 69 209 434 712 883 894 946 999
1061 209
1062 1 28 92 151 166 203 227 237 262 275 285 317 323 433 439 453 472 500 515 548 642 653 720 731 747 883 894 895 1068
1063 209 712 731 883
1064 209 344 642 644 712 883
1065 1 209 548 642 731
1066 178 642
1067 41 178 209 323 883 894 999
1068 0 141 151 209 262 323 409 434 532 653 745 861 882 895 980 999 1011 1199
1069 209 548 642 731 883
1070 209 642 883
1071 1 37 151 209 275 317 434 453 548 642 644 653 712 731 883 895 999 1199
1072 92 209 285 344 472 712 731 883
1073 209 409 434 472 712 883 999
1074 209 409 642 712 731 999
1075 151 712 883
1076 151 209 644 731 883
1077 28 151 209 312 731 889
1078 409 472 644 712 731 999
1079 11 178 209 344 883
1080 209 344 642 883
1081 344
1082 28 434 731 883 889
1083 1 11 39 75 151 178 209 227 316 344 433 548 642 644 712 731 786 828 872 883 894 895 935 999 1088 1171 1199
1084 92 134 151 203 209 227 285 344 409 433 472 644 712 731 894 1176
1085 151 203 209 275 316 453 472 534 644 712 731 872 883 894 895 935 1130
1086 11 39 92 140 151 203 209 316 434 472 644 653 712 731 999
1087 11 69 209 344 409 422 433 472 642 731 756 894 999 1172
1088 11 22 34 41 69 151 177 344 409 434 472 478 515 642 671 835 872 935 946 999 1015 1199
1089 39 69 140 151 203 227 262 271 275 283 285 316 409 434 642 712 883 894 999
1090 163 209 344 409 464 472 642 653 712 999
1091 11 102 203 344 390 409 434 472 642 712 731
1092 92 141 151 203 209 227 342 409 433 644 712 731 883
1093 92 151 203 227 262 275 344 515 642 644 712 731 883
1094 75 92 209 344 453 644 883 894 946
1095 28 35 92 209 227 342 344 355 358 548 644 731
1096 39 140 151 209 409 434 472 642 653 712 731 872 980 999
1097 11 69 151 203 209 344 409 433 434 472 608 642 644 712 731 999
1098 472 642 712 731 883 999
1099 28 203 209 275 285 313 644 712 731
1100 151 209 227 409 472 731 883 894 999
1101 69 203 275 283 312 409 433 642 712 731 999 1130
1102 409 472 712 731 883 999
1103 1 151 209 275 313 316 342 344 433 434 534 548 628 642 712 883 889
1104 39 151 203 209 344 409 434 472 642 712 999
1105 883
1106 203 209 275 731 883
1107 203 209 275 731 883
1108 39 102 203 209 409 434 453 472 548 642 653 712 720 883 889 1033
1109 92 209 227 262 344 472 548 731 883
1110 39 151 209 344 433 434 472 642 731 883
1111 39 209 275 312 313 342 344 409 548 628 642 731 883 889 895
1112 28 151 313 472 548 712 731
1113 209 344 883
1114 92 151 178 344 409 434 453 644 712 883 999
1115 151 731 883
1116 92 178 203 344 434 642 731 883
1117 11 46 209 264 731 883 894 935 979 1009 1049 1088 1180 1199
1118 203 209 227 344 433 458 472 642 731 747 837 894 895
1119 92 151 178 203 227 262 275 316 344 472 534 548 731 883
1120 209 275 344 644 731 883
1121 209 642 712 883 999
1122 883
1123 28 151 209 285 453 472 534 731 883
1124 1 11 317 895
1125 209 409 883 976 999
1126 227 275 515 642 644 712 883 895 999
1127 41 209 323 409 439 515 731 883 894 974 999
1128 11 41 102 178 275 323 439 472 515 642 644 731 894 974 999 1199
1129 209 409 895 999
1130 22 140 209 250 262 275 344 409 422 434 478 515 522 642 653 679 696 712 756 816 828 883 996 999 1014 1029 1072 1107 1153
1131 1 11 69 178 209 227 344 409 433 462 469 636 642 644 671 697 731 828 872 883 894 988 1088 1149
1132 11 151 178 203 209 275 323 472 642 731 883 895 1199
1133 145 178 352 457 642 895 917 1020
1134 102 209 342 608 895 999
1135 178 197 285 409 644 987 999
1136 151 209 262 275 316 409 980 999
1137 203 209 472 883
1138 644
1139 644
1140 203
1141 644
1142 69 209 590 778 894
1143 102 439 731 883 895 999
1144 209 388 883 894 999
1145 209 409 590 883 894 999
1146 409 472 731 883 895 999
1147 11 102 209 323 344 390 472 548 883 935 999
1148 102 209 409 999
1149 102 209 409 453 883
1150 209 409 453 999
1151 102 691 974
1152 102 178 209 409 731 883 895
1153 22 92 102 178 203 209 275 316 320 424 433 434 472 520 548 581 644 883 895 999 1184
1154 69 178 209 262 344 409 434 895 999
1155 209 642 1020
1156 22 47 151 178 203 209 237 250 255 262 275 283 323 344 409 422 434 467 472 515 622 630 642 679 696 731 828 829 837 883 894 999 1001 1049 1070 1088 1099 1108 1130 1149 1199
1157 209
1158 151 883
1159 203 275 644
1160 203 209
1161 92 151 203 275 644
1162 151 209 275 515 642 644 883 894 999
1163 1 28 35 39 92 102 203 275 312 313 317 344 433 548 642 644 653 712 883 889 894 974
1164 92 151 203 209 227 275 285 316 344 433 434 472 644 712 883
1165 151 209 344 409 731 883 895 999
1166 644 883
1167 209 344 409 644 731 883 999
1168 92 209 227 257 285 644
1169 209 227 344 433 472 883 894 1068 1113
1170 209
1171 1 712 731 883 894
1172 69 209 409 434 883 895
1173 28 433 472 534 548 642
1174 209 712
1175 1 151 344 434 642 644 712 883
1176 1 102 151 178 209 284 409 472 515 595 712 720 935 999
1177 344 642 712 731 883
1178 203 209 434 642 712 883 980 999
1179 11 69 151 203 209 262 275 283 344 409 434 472 548 731 883 999 1088
1180 39 92 178 209 344 472 642 644 731 883
1181 28 203 209 342 548 731 883 889 1203
1182 642 731 883
1183 151 203 209 344 712 731 883
1184 41 92 178 233 262 344 453 472 515 644 747 872 883 885 895 1088
1185 203 433 434 534 644 712 731
1186 92 151 209 344 409 434 642 712 883 946 1088
1187 81 151 344 453 472 642 644 837 883 894 895 935 974 999 1088
1188 1 39 41 178 275 283 344 379 409 434 642 653 712 731 786 828 883 894 895 949 974 999 1127
1189 209 229 434 644 883 980
1190 11 178 209 642 883
1191 151 203 209 731 883
1192 92 151 209 285 644 875 883 895
1193 453
1194 203 644
1195 0 69 151 162 212 237 250 253 275 323 409 472 731 895 917 935 980 999 1122
1196 92 151 166 209 231 258 262 419 644 809 895 925
1197 151 178 188 203 323 731 895 935
1198 227
1199 39 92 203 316 644
1200 203 209
1201 92
1202 11
1203 151 178 188 191 203 209 250 262 409 472 644 883 935
1204 151 209 590 731 837 883 895 1049
1205 323 731 895
1206 11 39 188 203 209 323 697 731 786 894
1207 209
1208 151 203
1209 203 409 883
1210 151 203 209 472 883 999
1211 151 178 203 209 262 285 316 472 644 883
1212 151 209 320 342 883 895 946
1213 203 209 262 323 883
1214 151 203 209
1215 146 203 233 478 799 828 883 895
1216 203 209 409
1217 453
1218 92 163 178 186 262 344 457 472 642 644 895 911 912
1219 178 250 323 344 439 642 731 895
1220 151 203
1221 0 102 151 178 203 209 220 323 453 644 883 895 1023
1222 151 178 203 209 895
1223 712
1224 75 166 203 209 227 548 644 731 883 895 1113
1225 11 37 69 92 151 177 203 227 237 262 275 285 286 317 344 409 434 445 472 478 599 632 642 712 883 895 935 946 980 999 1099 1172 1199
1226 92 151 203 209 313 409 472 478 644 731 883 894 895 974 980
1227 38 197 203 209 275 316 320 409 461 628 684 820 875
1228 1 11 151 178 209 439 472 548 642 712 720 762 883 894 1099 1122
1229 11 69 92 151 178 209 250 262 275 317 344 409 515 534 642 644 712 731 894 895 1099
1230 1 11 178 209 409 477 883 935 1088
1231 178 209 642 731 894 895 999
1232 203 712 883 895 974 980
1233 209 883 894
1234 178 203 209 227 285 317 472 642 813 879 883 895 1068
1235 209 317 478 515 642 731
1236 1 37 69 92 151 157 178 203 225 275 316 317 323 344 409 439 445 472 500 515 548 642 644 653 697 712 786 883 894 895 946 987 1015 1088 1099
1237 1 81 642 731 894 895 935 999
1238 1 11 44 81 92 260 275 344 472 515 642 644 679 701 716 895 996 1099 1149
1239 828 883 894
1240 344 828 894
1241 8 75 92 141 151 178 203 209 246 262 285 434 472 642 644 895 1068
1242 453
1243 178 203 209 275 316 344 515 642 644 731 883 894 895 999
1244 11 35 69 178 317 344 408 630 642 697 731 883 894 980 999
1245 894
1246 209 894
1247 102 151 178 209 323 453
1248 102 151 178 203 453 883 895
1249 102 178 209 323 883 895
1250 28 61 151 183 203 275 316 409 433 434 472 628 642 653 883 894 935 999
1251 178 188 209 275 316 409 433 514 515 548 642 883 895 974 999 1001
1252 209 275 883
1253 435
1254 1 11 137 178 209 246 434 472 515 653 670 872 883 894 895 999 1088 1201
1255 75 92 203 227 285 316 320 433 644 1068
1256 409 883 999
1257 209 409 434 883
1258 11 39 69 102 128 151 177 178 201 203 209 212 275 316 344 390 409 433 434 453 472 478 515 548 595 653 663 671 712 894 935 999 1088 1199
1259 209 409 883 895 999
1260 151 209 472 548 642 653 712 731 883 895 949 999
1261 178 203 209 895
1262 209 409 453 534 642 883 894 895 928 999
1263 344 883 894 895 999 1049
1264 434
1265 262 883 894
1266 409 999
1267 209 409 434 642
1268 69 246 439 472 642 837 883 894 895
1269 0 1 178 344 409 642 883 890 895 1172
1270 69 178 316 409 434 439 642 895 999
1271 434 581 630 642 883 894 999 1072
1272 166 209 221 308 433 453 642 883 1099
1273 0 69 157 178 209 409 434 533 653 731 883 895 980 999 1178
1274 209 409 883 894 999
1275 209 883
1276 1 11 261 317 361 408 413 453 459 477 502 515 642 712 814 883 999 1009
1277 127
1278 1 11 44 47 81 209 237 316 642 828 872 883 894 895 999 1049 1088 1201
1279 0 8 11 20 37 39 47 53 69 102 141 177 178 188 193 198 225 228 237 255 283 317 323 344 409 411 422 431 442 453 457 465 472 515 522 546 641 642 644 671 679 696 712 756 821 828 837 862 883 895 930 935 974 996 1001 1024 1029 1048 1070 1099 1153 1199
1280 209 999
1281 209 999
1282 177 271 409 642 894 980
1283 0 38 49 166 203 275 409 451 453 472 473 585 980 987 999
1284 38 49 102 151 166 178 209 275 409 453 472 473 585 595 875 883 895 928 980 999
1285 209 883 894 999
1286 40 92 102 151 154 180 203 209 275 285 323 644 883 980 1023
1287 39 91 95 151 160 178 270 371 393 432 515 574 642 701 814 828 837 883 894 895 943 980 1028 1130 1158 1160 1204
1288 209 317 434 642 894
1289 11 178 317 642 894 895
1290 209 409 894 999
1291 140 190 283 409 515 623 630 642 663 712 894 980 999 1012 1104 1122
1292 151 209 227 262 275 409 642 883 894 895 980 987 999 1099
1293 11 18 29 41 51 69 131 140 141 148 151 157 178 190 197 201 220 250 261 283 345 391 433 439 453 472 483 515 534 592 623 630 642 646 653 703 844 883 894 895 935 974 1005 1008 1045 1052 1072 1162 1177
1294 20 178 209 233 246 409 434 515 642 883 999 1001 1009
1295 209 883 894 976
1296 1
1297 883 894
1298 409 883 894 999
1299 190 409 883 895 999
1300 434 883
1301 10 22 35 69 151 177 203 209 275 409 434 590 835 883 980 1005 1023
1302 201 203 209 409 712 883 895 935 976
1303 0 178 209 409 434 875 882 895 980
1304 166 209 644 894 895 976 999
1305 69 409 434 883
1306 151 203
1307 102 178 409 720 883 895 943 999
1308 69 151 178 209 250 344 453 731 883 999
1309 44 160 225 260 262 343 434 526 597 660 716 800 853 894 1049
1310 102 140 151 203 209 275 323 340 409 433 472 642 653 731 886 999 1171
1311 66 250 283 422 472 630 642 665 756 837 883 1001 1149
1312 41 151 209 275 409 883 895
1313 472 644
1314 102 140 141 151 178 203 209 275 285 323 340 409 434 460 472 490 642 883 895 999 1122 1171
1315 126 164 209 434 448 533 883 946 999 1015 1166
1316 11 38 106 178 209 390 409 642 915 999 1098
1317 1 35 39 151 178 203 313 316 317 342 344 390 409 458 472 642 731 883 889 935 999 1049 1093 1099 1203
1318 75 114 205 236 267 472 644 703 779 813 879
1319 0 209 409 522 642 701 712 828 883 894 996 999 1149
1320 209 250 262 344 472 642
1321 262 285 548 644
1322 20 151 203 209 275 284 883 894 1009 1172
1323 883 895
1324 8 177 190 209 255 409 434 786 835 875 882 883 980 999 1011 1095 1199
1325 92 102 151 178 203 209 262 285 433 642 644 883 895
1326 197 203 275 285 618 642 644 731 786 883 895 974 1049
1327 140 151 178 203 209 434 712 883 895 980 1099 1122
1328 28 49 75 166 209 227 262 285 304 344 433 434 458 472 534 548 642 644 731 747 883 999 1068 1113
1329 28 39 203 209 275 342 344 409 472 548 731 883 889 999
1330 41 92 102 151 209 285 316 409 433 453 472 548 642 644 712 720 999
1331 28 41 92 96 102 151 157 166 178 201 208 209 212 227 237 259 285 313 323 342 344 409 433 453 472 534 548 642 644 712 720 760 779 788 902 927 935 946 999 1015 1033 1068 1088 1176
1332 203 409 548 712 731 889
1333 178 209 227 344 548 642 712 731 883 999
1334 872
1335 209 344 712 883
1336 178 409 883 980 999
1337 178 242 317 323 393 642 837 868 1001 1099
1338 92 166 644
1339 40 151 209 275 285 316 320
1340 11 41 69 140 141 271 323 390 409 434 441 472 515 653 705 894 911 935 974 999 1049 1199
1341 62 102 209 397 409 434 478 663 731 883 895 999
1342 22 102 409 731 872 883 930 999
1343 75 92 131 166 179 197 258 294 318 409 503 644 779 895
1344 11 35 37 69 209 250 283 344 618 642 712 731 872 883 895 999
1345 151 209 434 477 515 642 883 895
1346 47 209 225 642 828 883 894 895
1347 1 11 102 178 201 323 344 345 453 472 483 883 895 928 976 999 1045
1348 39 69 203 209 275 342 344 409 434 453 472 548 642 653 712 883 974
1349 69 102 190 209 581 731 828 835 883 894 895 999 1005 1015 1149
1350 37 209 317 344 469 637 883 894 895 946 1049 1088 1099
1351 11 38 69 151 209 227 246 262 275 285 323 409 513 534 641 642 670 712 883 895 999 1068 1099
1352 47 225 642 653 828 883 894 895 988
1353 198 209 341 409 434 567 883 895 906 1027 1171
1354 22 69 102 126 178 198 209 271 355 409 410 434 448 460 478 515 528 566 712 731 773 895 908 935 1181 1199
1355 41 151 434 472 642 883 974 980
1356 453 534 895
1357 209 275 316 883 999
1358 209 409 999
1359 1 11 39 209 434 472 642 883 895
1360 11 92 151 178 209 344 472 644 883
1361 69 151 209 472 731 883 895 999 1088
1362 44 78 209 219 225 283 338 343 368 404 409 478 515 519 576 630 643 696 716 756 804 814 828 837 864 980 989 1059 1073 1149
1363 209 225 317 343 642 814 828 837 894 1049 1149
1364 28 82 197 199 209 409 479 642 731 883 987 999
1365 237 515 701 862 894 999 1049 1149
1366 53 92 102 151 166 178 203 209 227 231 290 316 318 323 433 480 644 851 879 883 895 972 974 991 995 1000 1094 1123
1367 11 75 102 151 201 203 209 236 258 262 275 296 344 390 409 433 453 472 510 534 548 609 642 841 879 883 895 935 941 987
1368 344 390 608 642 731 894 895 1088 1201
1369 63 70 292 323 326 330 473 564 883 895 999 1053 1067 1114
1370 178 209 317 344 731 883 894 999 1088
1371 69 151 157 203 209 275 409 434 653 663 731 786 883 894 974 999 1020
1372 186 457 1039 1046
1373 11 34 81 237 243 247 317 433 472 481 595 622 642 719 731 883 1010 1018 1142 1199
1374 11 178 209 275 316 344 472 642 895
1375 28 80 109 151 166 178 209 210 312 342 356 409 434 487 534 548 602 653 712 720 731 788 855 883 886 889 895 922 999 1036 1113 1134 1162
1376 1 11 35 151 178 209 434 446 590 731 895 979 1009
1377 1 8 75 92 141 203 209 227 262 344 409 472 895 1094 1122
1378 1 11 125 152 237 283 393 478 515 576 630 671 679 696 883 894 985 989 996 999 1029 1099 1104 1199
1379 203 883 894 999 1049
1380 0 1 11 20 44 46 69 140 141 178 190 209 237 264 283 317 323 344 409 452 484 613 642 883 889 894 895 935 979 1005 1011 1088 1099 1199 1201
1381 883
1382 11 44 46 237 275 343 434 472 515 642 731 786 883 895 935 1088 1099
1383 178 203 209 262 472 515 548 653 697 883 895 935 999
1384 1 275 344 472 731 883 894 1088
1385 387 390 515 731 883 946 1122
1386 46 209 344 408 409 413 642 731 883 894 935 979 1009 1088
1387 1 11 20 39 178 209 390 642 712 731 883 894 895 998
1388 11 151 209 344 434 472 712 731 883 895 1088 1105
1389 75 178 197 203 209 275 409 472 644 667 883 999 1131
1390 342 883 895
1391 209 828 883
1392 1 39 642 712 731 883
1393 434
1394 11 41 102 151 203 209 237 323 472 515 642 712 731 883 894 935 1199
1395 1199
1396 20 209 246 284 344 413 439 445 469 515 883 894 895 999 1009
1397 151 209 472 894 946 999
1398 644 883 999
1399 69 71 81 92 138 140 209 239 323 343 375 409 433 434 472 515 534 712 837 883 895 1001
1400 148 201 261 453 459 914
1401 11 105 142 209 246 344 387 472 697 712 731 828 883 895 935 999
